-4.000000000000000e+00 3.009977395777689e-01 1.671542268919272e-03 -6.038695135862523e-01 -1.802474218395834e-02
-3.990000000000000e+00 3.056742768786684e-01 1.761095436482376e-03 -6.435163340935928e-01 -1.840039216170729e-02
-3.980000000000000e+00 3.064657131063823e-01 1.806473154521157e-03 -6.417686678052711e-01 -1.877479361988027e-02
-3.970000000000000e+00 3.074165348176765e-01 1.854218510943773e-03 -6.416246367487216e-01 -1.914909762734640e-02
-3.960000000000000e+00 3.084368954961859e-01 1.903455916705373e-03 -6.421320429228135e-01 -1.952456711177858e-02
-3.950000000000000e+00 3.094992302659858e-01 1.953992233597397e-03 -6.429962843085166e-01 -1.990220297898771e-02
-3.940000000000000e+00 3.105915135679507e-01 2.005877104031846e-03 -6.440875010791289e-01 -2.028366723333405e-02
-3.930000000000000e+00 3.117074094891796e-01 2.059188144886420e-03 -6.453363751415514e-01 -2.067021589425798e-02
-3.920000000000000e+00 3.128432142630337e-01 2.113951232275568e-03 -6.467016571186414e-01 -2.106225733100854e-02
-3.910000000000000e+00 3.139966181444990e-01 2.170226710008966e-03 -6.481569912373468e-01 -2.146037041089484e-02
-3.900000000000000e+00 3.151659861436169e-01 2.228116606657708e-03 -6.496833516753092e-01 -2.186545057561324e-02
-3.890000000000000e+00 3.163501597170275e-01 2.287460867370805e-03 -6.512668213460606e-01 -2.227575822240718e-02
-3.880000000000000e+00 3.175485826380615e-01 2.348028678250865e-03 -6.528996571244035e-01 -2.268884275236304e-02
-3.870000000000000e+00 3.187609503956824e-01 2.409977644513680e-03 -6.545767709793323e-01 -2.310601715029096e-02
-3.860000000000000e+00 3.199869308601939e-01 2.473411998299296e-03 -6.562929166424012e-01 -2.352804932790145e-02
-3.850000000000000e+00 3.212262812371970e-01 2.538385317433030e-03 -6.580438039274966e-01 -2.395519042184772e-02
-3.840000000000000e+00 3.224788499656722e-01 2.604936966235910e-03 -6.598260883427023e-01 -2.438753388431534e-02
-3.830000000000000e+00 3.237445543933637e-01 2.673104287075187e-03 -6.616371315353159e-01 -2.482513672532103e-02
-3.820000000000000e+00 3.250233639702588e-01 2.742926216730969e-03 -6.634748214351236e-01 -2.526805567301334e-02
-3.810000000000000e+00 3.263152886754236e-01 2.814444437708264e-03 -6.653374474649556e-01 -2.571635855452213e-02
-3.800000000000000e+00 3.276203708278732e-01 2.887703861041984e-03 -6.672236115711772e-01 -2.617012870009710e-02
-3.790000000000000e+00 3.289386790618036e-01 2.962752915807637e-03 -6.691321624039422e-01 -2.662946714640879e-02
-3.780000000000000e+00 3.302703037446605e-01 3.039643775677396e-03 -6.710621450971285e-01 -2.709449399293432e-02
-3.770000000000000e+00 3.316153533821145e-01 3.118432554146118e-03 -6.730127618629016e-01 -2.756534928168071e-02
-3.760000000000000e+00 3.329739517223377e-01 3.199179446358080e-03 -6.749833403551180e-01 -2.804219325958101e-02
-3.750000000000000e+00 3.343462353875436e-01 3.281948806656455e-03 -6.769733079340002e-01 -2.852520597770242e-02
-3.740000000000000e+00 3.357323519066547e-01 3.366809173004330e-03 -6.789821704668910e-01 -2.901458637212347e-02
-3.730000000000000e+00 3.371324580519252e-01 3.453833228836945e-03 -6.810094946195073e-01 -2.951055078551493e-02
-3.720000000000000e+00 3.385467184182293e-01 3.543097693014512e-03 -6.830548929540325e-01 -3.001333088979776e-02
-3.710000000000000e+00 3.399753042057705e-01 3.634683133313749e-03 -6.851180113731564e-01 -3.052317101240636e-02
-3.700000000000000e+00 3.414183921806730e-01 3.728673702393275e-03 -6.871985185873953e-01 -3.104032489818077e-02
-3.690000000000000e+00 3.428761637975913e-01 3.825156797917019e-03 -6.892960973790043e-01 -3.156505196038248e-02
-3.680000000000000e+00 3.443488044756012e-01 3.924222651299134e-03 -6.914104375045091e-01 -3.209761309451827e-02
-3.670000000000000e+00 3.458365030235027e-01 4.025963852850429e-03 -6.935412301236450e-01 -3.263826615167119e-02
-3.660000000000000e+00 3.473394512132593e-01 4.130474824446564e-03 -6.956881636671537e-01 -3.318726118943208e-02
-3.650000000000000e+00 3.488578435011176e-01 4.237851253930874e-03 -6.978509210644346e-01 -3.374483563611096e-02
-3.640000000000000e+00 3.503918768951254e-01 4.348189508071410e-03 -7.000291782474461e-01 -3.431120951602332e-02
-3.630000000000000e+00 3.519417509656899e-01 4.461586042701931e-03 -7.022226038330979e-01 -3.488658088820887e-02
-3.620000000000000e+00 3.535076679927666e-01 4.578136829403868e-03 -7.044308598659463e-01 -3.547112164630988e-02
-3.610000000000000e+00 3.550898332396807e-01 4.697936817531762e-03 -7.066536034803446e-01 -3.606497381270900e-02
-3.600000000000000e+00 3.566884553400091e-01 4.821079448459672e-03 -7.088904893203565e-01 -3.666824643557728e-02
-3.590000000000000e+00 3.583037467807865e-01 4.947656235694618e-03 -7.111411725402289e-01 -3.728101316457005e-02
-3.580000000000000e+00 3.599359244631182e-01 5.077756420195978e-03 -7.134053122014306e-01 -3.790331054205389e-02
-3.570000000000000e+00 3.615852103203298e-01 5.211466705229945e-03 -7.156825748858876e-01 -3.853513700535203e-02
-3.560000000000000e+00 3.632518319743980e-01 5.348871069849856e-03 -7.179726383600227e-01 -3.917645255540360e-02
-3.550000000000000e+00 3.649360234134569e-01 5.490050655134717e-03 -7.202751951495342e-01 -3.982717901219535e-02
-3.540000000000000e+00 3.666380256766892e-01 5.635083713118308e-03 -7.225899559187730e-01 -4.048720075052432e-02
-3.530000000000000e+00 3.683580875374599e-01 5.784045605294974e-03 -7.249166525880829e-01 -4.115636579333680e-02
-3.520000000000000e+00 3.700964661808737e-01 5.937008835974013e-03 -7.272550411644686e-01 -4.183448713522556e-02
-3.510000000000000e+00 3.718534278775318e-01 6.094043105722256e-03 -7.296049043018504e-01 -4.252134417575334e-02
-3.500000000000000e+00 3.736292486607355e-01 6.255215371719075e-03 -7.319660536441417e-01 -4.321668416031942e-02
-3.490000000000000e+00 3.754242150193204e-01 6.420589904983956e-03 -7.343383320346039e-01 -4.392022355384096e-02
-3.480000000000000e+00 3.772386246222986e-01 6.590228338978362e-03 -7.367216156963292e-01 -4.463164930765050e-02
-3.470000000000000e+00 3.790727870941908e-01 6.764189709809831e-03 -7.391158164994489e-01 -4.535062002043492e-02
-3.460000000000000e+00 3.809270248610095e-01 6.942530494880233e-03 -7.415208844294685e-01 -4.607676703715180e-02
-3.450000000000000e+00 3.828016740859932e-01 7.125304663929143e-03 -7.439368103571101e-01 -4.680969557266893e-02
-3.440000000000000e+00 3.846970857111943e-01 7.312563763523686e-03 -7.463636291828262e-01 -4.754898598597366e-02
-3.430000000000000e+00 3.866136266157263e-01 7.504357062514430e-03 -7.488014233893318e-01 -4.829419536236018e-02
-3.420000000000000e+00 3.885516808939882e-01 7.700731791083556e-03 -7.512503269846540e-01 -4.904485958094004e-02
-3.410000000000000e+00 3.905116512477670e-01 7.901733508976662e-03 -7.537105297595358e-01 -4.980049604918404e-02
-3.400000000000000e+00 3.924939604754675e-01 8.107406638605815e-03 -7.561822817213318e-01 -5.056060727180969e-02
-3.390000000000000e+00 3.944990530306969e-01 8.317795195396832e-03 -7.586658975080426e-01 -5.132468538654610e-02
-3.380000000000000e+00 3.965273966122787e-01 8.532943740841546e-03 -7.611617605380286e-01 -5.209221774488586e-02
-3.370000000000000e+00 3.985794837397323e-01 8.752898573487568e-03 -7.636703266202578e-01 -5.286269354550722e-02
-3.360000000000000e+00 4.006558332635255e-01 8.977709160368164e-03 -7.661921267422215e-01 -5.363561144811841e-02
-3.350000000000000e+00 4.027569917586826e-01 9.207429797399186e-03 -7.687277687703956e-01 -5.441048801464890e-02
-3.340000000000000e+00 4.048835347539598e-01 9.442121473558085e-03 -7.712779378406165e-01 -5.518686675223512e-02
-3.330000000000000e+00 4.070360677561763e-01 9.681853901670021e-03 -7.738433952779550e-01 -5.596432747642092e-02
-3.320000000000000e+00 4.092152270396378e-01 9.926707669480282e-03 -7.764249759602072e-01 -5.674249567872326e-02
-3.310000000000000e+00 4.114216801824537e-01 1.017677645895637e-02 -7.790235841173347e-01 -5.752105157176576e-02
-3.300000000000000e+00 4.136561263437621e-01 1.043216927938758e-02 -7.816401876328152e-01 -5.829973849538409e-02
-3.290000000000000e+00 4.159192962872784e-01 1.069301266025742e-02 -7.842758109762826e-01 -5.907837039342709e-02
-3.280000000000000e+00 4.182119521666783e-01 1.095945275215642e-02 -7.869315269471100e-01 -5.985683810699736e-02
-3.270000000000000e+00 4.205348870970055e-01 1.123165728722060e-02 -7.896084474462182e-01 -6.063511426937466e-02
-3.260000000000000e+00 4.228889245440101e-01 1.150981735395187e-02 -7.923077135215381e-01 -6.141325662612254e-02
-3.250000000000000e+00 4.252749175708035e-01 1.179414894439928e-02 -7.950304849554579e-01 -6.219140963863318e-02
-3.240000000000000e+00 4.276937479894597e-01 1.208489423467038e-02 -7.977779296856374e-01 -6.296980426114435e-02
-3.230000000000000e+00 4.301463254749073e-01 1.238232256325585e-02 -8.005512133774634e-01 -6.374875581337157e-02
-3.220000000000000e+00 4.326335867102515e-01 1.268673107686240e-02 -8.033514894991859e-01 -6.452865990883995e-02
-3.210000000000000e+00 4.351564946463711e-01 1.299844502190066e-02 -8.061798902882420e-01 -6.530998644950091e-02
-3.200000000000000e+00 4.377160379733329e-01 1.331781767312103e-02 -8.090375190341959e-01 -6.609327176677386e-02
-3.190000000000000e+00 4.403132309151673e-01 1.364522991053219e-02 -8.119254441316145e-01 -6.687910908219080e-02
-3.180000000000000e+00 4.429491134700765e-01 1.398108948235122e-02 -8.148446953627961e-01 -6.766813757768990e-02
-3.170000000000000e+00 4.456247522222001e-01 1.432583002483036e-02 -8.177962628431086e-01 -6.846103050085198e-02
-3.160000000000000e+00 4.483412418454039e-01 1.467990994738487e-02 -8.207810989892137e-01 -6.925848287193180e-02
-3.150000000000000e+00 4.510997074020144e-01 1.504381133001355e-02 -8.238001237473869e-01 -7.006119948950305e-02
-3.140000000000000e+00 4.539013075091985e-01 1.541803901496667e-02 -8.268542331474545e-01 -7.086988402896593e-02
-3.130000000000000e+00 4.567472384042301e-01 1.580312010117255e-02 -8.299443110401846e-01 -7.168523007348340e-02
-3.120000000000000e+00 4.596387388906046e-01 1.619960406413220e-02 -8.330712436525548e-01 -7.250791489687926e-02
-3.110000000000000e+00 4.625770960947069e-01 1.660806372370813e-02 -8.362359363810695e-01 -7.333859672942958e-02
-3.100000000000000e+00 4.655636519127790e-01 1.702909726765255e-02 -8.394393320623906e-01 -7.417791608822813e-02
-3.090000000000000e+00 4.685998099847395e-01 1.746333151215836e-02 -8.426824298308784e-01 -7.502650156083332e-02
-3.080000000000000e+00 4.716870429977554e-01 1.791142654588248e-02 -8.459663036026415e-01 -7.588498021587138e-02
-3.070000000000000e+00 4.748269000995066e-01 1.837408186492206e-02 -8.492921192151776e-01 -7.675399259855271e-02
-3.060000000000000e+00 4.780210141878359e-01 1.885204406674861e-02 -8.526611492916967e-01 -7.763421206981172e-02
-3.050000000000000e+00 4.812711088383506e-01 1.934611613372698e-02 -8.560747849777069e-01 -7.852636807588050e-02
-3.040000000000000e+00 4.845790046320718e-01 1.985716830290421e-02 -8.595345438008550e-01 -7.943127279494491e-02
-3.030000000000000e+00 4.879466246492913e-01 2.038615048847139e-02 -8.630420730216335e-01 -8.034985049827766e-02
-3.020000000000000e+00 4.913759989016532e-01 2.093410619605924e-02 -8.665991479638024e-01 -8.128316888060730e-02
-3.010000000000000e+00 4.948692674811396e-01 2.150218784271511e-02 -8.702076649344710e-01 -8.223247155262578e-02
-3.000000000000000e+00 4.984286822118648e-01 2.209167337176871e-02 -8.738696284631809e-01 -8.319921084166618e-02
-2.990000000000000e+00 5.020566065988199e-01 2.270398402674049e-02 -8.775871327086525e-01 -8.418508001030008e-02
-2.980000000000000e+00 5.057555138781719e-01 2.334070312243183e-02 -8.813623370047814e-01 -8.519204397499530e-02
-2.970000000000000e+00 5.095279829876498e-01 2.400359562457632e-02 -8.851974356477595e-01 -8.622236758941218e-02
-2.960000000000000e+00 5.133766922944476e-01 2.469462832325116e-02 -8.890946221674596e-01 -8.727864055449489e-02
-2.950000000000000e+00 5.173044109421056e-01 2.541599036192638e-02 -8.930560484770462e-01 -8.836379803838849e-02
-2.940000000000000e+00 5.213139877059965e-01 2.617011386639623e-02 -8.970837794495299e-01 -8.948113614244363e-02
-2.930000000000000e+00 5.254083372758497e-01 2.695969440808469e-02 -9.011797436147945e-01 -9.063432144119446e-02
-2.920000000000000e+00 5.295904239082014e-01 2.778771103436248e-02 -9.053456807879512e-01 -9.182739395231693e-02
-2.910000000000000e+00 5.338632424060935e-01 2.865744560095909e-02 -9.095830875117095e-01 -9.306476304376475e-02
-2.900000000000000e+00 5.382297963844815e-01 2.957250114068163e-02 -9.138931612124016e-01 -9.435119593473282e-02
-2.890000000000000e+00 5.426930737685881e-01 3.053681898807857e-02 -9.182767439366563e-01 -9.569179856428360e-02
-2.880000000000000e+00 5.472560194563683e-01 3.155469434111146e-02 -9.227342664766682e-01 -9.709198865990977e-02
-2.870000000000000e+00 5.519215050683671e-01 3.263078987156348e-02 -9.272656936432900e-01 -9.855746082566261e-02
-2.860000000000000e+00 5.566922957255751e-01 3.377014689531198e-02 -9.318704714493792e-01 -1.000941433935646e-01
-2.850000000000000e+00 5.615710138563135e-01 3.497819348861038e-02 -9.365474770573036e-01 -1.017081466704859e-01
-2.840000000000000e+00 5.665601001527899e-01 3.626074880117237e-02 -9.412949725471750e-01 -1.034057021078421e-01
-2.830000000000000e+00 5.716617719897417e-01 3.762402269161606e-02 -9.461105638840411e-01 -1.051930918739450e-01
-2.820000000000000e+00 5.768779798897840e-01 3.907460972253073e-02 -9.509911668937617e-01 -1.070765683731236e-01
-2.810000000000000e+00 5.822103629743638e-01 4.061947653496920e-02 -9.559329825730181e-01 -1.090622634886051e-01
-2.800000000000000e+00 5.876602047669101e-01 4.226594171710898e-02 -9.609314846126603e-01 -1.111560877856038e-01
-2.790000000000000e+00 5.932283911902310e-01 4.402164753711393e-02 -9.659814225308089e-01 -1.133636206517775e-01
-2.780000000000000e+00 5.989153730738318e-01 4.589452337501034e-02 -9.710768441832506e-01 -1.156899934139714e-01
-2.770000000000000e+00 6.047211358779053e-01 4.789274140216774e-02 -9.762111414949248e-01 -1.181397688579291e-01
-2.760000000000000e+00 6.106451795355539e-01 5.002466603281962e-02 -9.813771228580760e-01 -1.207168222350460e-01
-2.750000000000000e+00 6.166865111725582e-01 5.229879987515899e-02 -9.865671145827437e-01 -1.234242306220484e-01
-2.740000000000000e+00 6.228436528358671e-01 5.472373023505298e-02 -9.917730919114044e-01 -1.262641791519254e-01
-2.730000000000000e+00 6.291146651249069e-01 5.730808148257288e-02 -9.969868373643832e-01 -1.292378937951135e-01
-2.720000000000000e+00 6.354971857248984e-01 6.006047950405057e-02 -1.002200120672179e+00 -1.323456106004444e-01
-2.710000000000000e+00 6.419884793682836e-01 6.298953469626316e-02 -1.007404890604432e+00 -1.355865901670558e-01
-2.700000000000000e+00 6.485854929517746e-01 6.610384918586798e-02 -1.012593465197319e+00 -1.389591832917038e-01
-2.690000000000000e+00 6.552849068493036e-01 6.941205194849751e-02 -1.017758703987007e+00 -1.424609491647512e-01
-2.680000000000000e+00 6.620831714594863e-01 7.292286223947300e-02 -1.022894144716162e+00 -1.460888215080602e-01
-2.670000000000000e+00 6.689765173075245e-01 7.664517750660321e-02 -1.027994088281754e+00 -1.498393114368905e-01
-2.660000000000000e+00 6.759609280409972e-01 8.058817731572070e-02 -1.033053619723349e+00 -1.537087297222438e-01
-2.650000000000000e+00 6.830320685622204e-01 8.476143057626326e-02 -1.038068559508311e+00 -1.576934067868437e-01
-2.640000000000000e+00 6.901851650659193e-01 8.917499032494307e-02 -1.043035347327800e+00 -1.617898872175224e-01
-2.630000000000000e+00 6.974148392651738e-01 9.383945911663572e-02 -1.047950868709962e+00 -1.659950772839796e-01
-2.620000000000000e+00 7.047149047566675e-01 9.876600889696038e-02 -1.052812241548964e+00 -1.703063286333886e-01
-2.610000000000000e+00 7.120781385203550e-01 1.039663418720640e-01 -1.057616584059485e+00 -1.747214480193712e-01
-2.600000000000000e+00 7.194960444752639e-01 1.094525828280534e-01 -1.062360787273555e+00 -1.792386303035317e-01
-2.590000000000000e+00 7.269586287067219e-01 1.152370980116734e-01 -1.067041314290788e+00 -1.838563188033970e-01
-2.580000000000000e+00 7.344542076183440e-01 1.213322406862222e-01 -1.071654045865710e+00 -1.885730025728912e-01
-2.570000000000000e+00 7.419692710926805e-01 1.277500287706003e-01 -1.076194188489457e+00 -1.933869642203606e-01
-2.560000000000000e+00 7.494884228302821e-01 1.345017657886356e-01 -1.080656257591968e+00 -1.982959947352418e-01
-2.550000000000000e+00 7.569944190753463e-01 1.415976230211513e-01 -1.085034145108361e+00 -2.032970940859508e-01
-2.540000000000000e+00 7.644683242256102e-01 1.490462083929296e-01 -1.089321277220072e+00 -2.083861785710182e-01
-2.530000000000000e+00 7.718897963965273e-01 1.568541559069395e-01 -1.093510864095684e+00 -2.135578182417830e-01
-2.520000000000000e+00 7.792375068996377e-01 1.650257773790750e-01 -1.097596238343249e+00 -2.188050299366991e-01
-2.510000000000000e+00 7.864896842048564e-01 1.735628241593269e-01 -1.101571272231071e+00 -2.241191529429065e-01
-2.500000000000000e+00 7.936247554575868e-01 1.824644082277862e-01 -1.105430855470436e+00 -2.294898341097177e-01
-2.490000000000000e+00 8.006220383214221e-01 1.917271270967417e-01 -1.109171405893178e+00 -2.349051463370210e-01
-2.480000000000000e+00 8.074624154920717e-01 2.013454232655338e-01 -1.112791375670085e+00 -2.403518577868622e-01
-2.470000000000000e+00 8.141289076833095e-01 2.113121856197620e-01 -1.116291707357521e+00 -2.458158582946834e-01
-2.460000000000000e+00 8.206070530805465e-01 2.216195681650916e-01 -1.119676189092454e+00 -2.512827343338691e-01
-2.450000000000000e+00 8.268850068626068e-01 2.322599644913805e-01 -1.122951658973844e+00 -2.567384656135198e-01
-2.440000000000000e+00 8.329532963176616e-01 2.432270407261133e-01 -1.126128017009124e+00 -2.621701974186725e-01
-2.430000000000000e+00 8.388042047575004e-01 2.545167035341773e-01 -1.129218019668696e+00 -2.675670268780142e-01
-2.420000000000000e+00 8.444308057539371e-01 2.661278705889383e-01 -1.132236855651747e+00 -2.729207327743131e-01
-2.410000000000000e+00 8.498257190305423e-01 2.780629232197907e-01 -1.135201528015392e+00 -2.782263807512239e-01
-2.400000000000000e+00 8.549796999262330e-01 2.903277534157421e-01 -1.138130091671105e+00 -2.834827497916340e-01
-2.390000000000000e+00 8.598801971317286e-01 3.029313629912381e-01 -1.141040810712958e+00 -2.886925492046639e-01
-2.380000000000000e+00 8.645100151551223e-01 3.158850209340606e-01 -1.143951303517981e+00 -2.938624226799220e-01
-2.370000000000000e+00 8.688462017763884e-01 3.292010255772754e-01 -1.146877734910003e+00 -2.990027607644641e-01
-2.360000000000000e+00 8.728592542539044e-01 3.428911450373548e-01 -1.149834097101540e+00 -3.041273600699912e-01
-2.350000000000000e+00 8.765127101112782e-01 3.569648215985622e-01 -1.152831599737816e+00 -3.092529740198890e-01
-2.340000000000000e+00 8.797631658217528e-01 3.714272273419292e-01 -1.155878169346621e+00 -3.143987963527939e-01
-2.330000000000000e+00 8.825607526853536e-01 3.862772556828090e-01 -1.158978043717634e+00 -3.195859073940888e-01
-2.320000000000000e+00 8.848500927673667e-01 4.015055329656196e-01 -1.162131439250663e+00 -3.248366976797156e-01
-2.310000000000000e+00 8.865717549933932e-01 4.170925404957361e-01 -1.165334269602212e+00 -3.301742671853509e-01
-2.300000000000000e+00 8.876642266520196e-01 4.330069523565595e-01 -1.168577901501482e+00 -3.356217839636925e-01
-2.290000000000000e+00 8.880664022939260e-01 4.492043171108641e-01 -1.171848947391533e+00 -3.412017757101302e-01
-2.280000000000000e+00 8.877205643156288e-01 4.656262380356925e-01 -1.175129113279862e+00 -3.469353237780019e-01
-2.270000000000000e+00 8.865757826139233e-01 4.822002297188314e-01 -1.178395142003796e+00 -3.528411337345467e-01
-2.260000000000000e+00 8.845915924412758e-01 4.988404380535161e-01 -1.181618913927384e+00 -3.589344721393886e-01
-2.250000000000000e+00 8.817417227610134e-01 5.154493920290599e-01 -1.184767783664573e+00 -3.652259876738528e-01
-2.240000000000000e+00 8.780175531657494e-01 5.319208939072761e-01 -1.187805235120146e+00 -3.717204753991300e-01
-2.230000000000000e+00 8.734308986995871e-01 5.481440379777315e-01 -1.190691919281926e+00 -3.784156900066128e-01
-2.220000000000000e+00 8.680156929860876e-01 5.640081792085992e-01 -1.193387094103522e+00 -3.853013547707200e-01
-2.210000000000000e+00 8.618281973743509e-01 5.794084779945387e-01 -1.195850416615925e+00 -3.923585297313161e-01
-2.200000000000000e+00 8.549455265642641e-01 5.942514788881453e-01 -1.198043959999581e+00 -3.995594798054771e-01
-2.190000000000000e+00 8.474625298942829e-01 6.084601044896760e-01 -1.199934268415373e+00 -4.068681181851850e-01
-2.180000000000000e+00 8.394873385108190e-01 6.219775052798452e-01 -1.201494243872190e+00 -4.142410087507706e-01
-2.170000000000000e+00 8.311360972414599e-01 6.347693967074201e-01 -1.202704690630223e+00 -4.216288233899582e-01
-2.160000000000000e+00 8.225274824458652e-01 6.468247773522702e-01 -1.203555410820799e+00 -4.289780943447827e-01
-2.150000000000000e+00 8.137775522568136e-01 6.581551737110736e-01 -1.204045824177659e+00 -4.362330898850892e-01
-2.140000000000000e+00 8.049953230672366e-01 6.687927328234183e-01 -1.204185150884130e+00 -4.433376665551125e-01
-2.130000000000000e+00 7.962792770709051e-01 6.787875594111575e-01 -1.203992237430140e+00 -4.502369958861495e-01
-2.120000000000000e+00 7.877148317822841e-01 6.882046820948693e-01 -1.203495120975050e+00 -4.568791121252762e-01
-2.110000000000000e+00 7.793726717384359e-01 6.971209633225296e-01 -1.202730423721658e+00 -4.632162711382909e-01
-2.100000000000000e+00 7.713077623075191e-01 7.056221692143617e-01 -1.201742650966553e+00 -4.692061455199770e-01
-2.090000000000000e+00 7.635588317722390e-01 7.138003099230138e-01 -1.200583438720404e+00 -4.748129053496818e-01
-2.080000000000000e+00 7.561481130943961e-01 7.217512617297797e-01 -1.199310762076355e+00 -4.800082461019264e-01
-2.070000000000000e+00 7.490811735386750e-01 7.295725970552281e-01 -1.197988077225266e+00 -4.847724227914150e-01
-2.060000000000000e+00 7.423467225378629e-01 7.373614832113158e-01 -1.196683332591639e+00 -4.890953305791195e-01
-2.050000000000000e+00 7.359163713257527e-01 7.452124699719141e-01 -1.195467753758025e+00 -4.929776355186176e-01
-2.040000000000000e+00 7.297444180318372e-01 7.532149768681905e-01 -1.194414290439630e+00 -4.964319047862963e-01
-2.030000000000000e+00 7.237678423548507e-01 7.614503244701563e-01 -1.193595622402107e+00 -4.994836164824868e-01
-2.020000000000000e+00 7.179067988983590e-01 7.699882433836237e-01 -1.193081667683744e+00 -5.021718545825774e-01
-2.010000000000000e+00 7.120659670115206e-01 7.788829484645958e-01 -1.192936630680970e+00 -5.045494360627010e-01
-2.000000000000000e+00 7.061371027500748e-01 7.881690709600042e-01 -1.193215765463274e+00 -5.066822081680683e-01
-1.990000000000000e+00 7.000030037498488e-01 7.978579483090863e-01 -1.193962180091020e+00 -5.086473293593269e-01
-1.980000000000000e+00 6.935428358088167e-01 8.079348964813103e-01 -1.195204111436557e+00 -5.105305191686378e-01
-1.970000000000000e+00 6.866384423584897e-01 8.183580516694925e-01 -1.196953093544463e+00 -5.124224922241283e-01
-1.960000000000000e+00 6.791809812571097e-01 8.290591440173588e-01 -1.199203301119233e+00 -5.144149959318116e-01
-1.950000000000000e+00 6.710771182260853e-01 8.399462197817550e-01 -1.201932114131871e+00 -5.165969640023849e-01
-1.940000000000000e+00 6.622540927037696e-01 8.509079786422957e-01 -1.205101706254928e+00 -5.190512460156472e-01
-1.930000000000000e+00 6.526632156816856e-01 8.618191474940844e-01 -1.208661288751243e+00 -5.218522099121221e-01
-1.920000000000000e+00 6.422816710868338e-01 8.725462241477056e-01 -1.212549578175499e+00 -5.250643066169437e-01
-1.910000000000000e+00 6.311127840847691e-01 8.829529912062305e-01 -1.216697092745883e+00 -5.287414938376417e-01
-1.900000000000000e+00 6.191851264081113e-01 8.929053819494865e-01 -1.221027988319018e+00 -5.329272753558466e-01
-1.890000000000000e+00 6.065509160885104e-01 9.022755161859971e-01 -1.225461285737334e+00 -5.376550373918686e-01
-1.880000000000000e+00 5.932841361548336e-01 9.109449501208198e-01 -1.229911485096702e+00 -5.429483537335655e-01
-1.870000000000000e+00 5.794786743915398e-01 9.188073491184151e-01 -1.234288684802474e+00 -5.488209727072901e-01
-1.860000000000000e+00 5.652466217600797e-01 9.257708724931065e-01 -1.238498412068140e+00 -5.552762701858540e-01
-1.850000000000000e+00 5.507167044644856e-01 9.317605614792638e-01 -1.242441429680411e+00 -5.623060327491822e-01
-1.840000000000000e+00 5.360326878387803e-01 9.367209682675485e-01 -1.246013825778547e+00 -5.698885137771255e-01
-1.830000000000000e+00 5.213514814879857e-01 9.406191751198935e-01 -1.249107734511274e+00 -5.779857900316636e-01
-1.820000000000000e+00 5.068405883260115e-01 9.434482302039707e-01 -1.251613078257032e+00 -5.865405604323597e-01
-1.810000000000000e+00 4.926744814309760e-01 9.452308559417033e-01 -1.253420743871682e+00 -5.954726999802535e-01
-1.800000000000000e+00 4.790294960188274e-01 9.460230518660537e-01 -1.254427553622983e+00 -6.046761216580462e-01
-1.790000000000000e+00 4.660769499743882e-01 9.459169329306391e-01 -1.254543194726113e+00 -6.140167764990635e-01
-1.780000000000000e+00 4.539745148631780e-01 9.450418898716394e-01 -1.253698873561577e+00 -6.233328418791317e-01
-1.770000000000000e+00 4.428563560099942e-01 9.435630648361498e-01 -1.251856875642567e+00 -6.324381577605098e-01
-1.760000000000000e+00 4.328231451697707e-01 9.416763483777159e-01 -1.249019573013431e+00 -6.411296165932865e-01
-1.750000000000000e+00 4.239335151099141e-01 9.395996855460579e-01 -1.245235974134875e+00 -6.491984405037464e-01
-1.740000000000000e+00 4.161986359962138e-01 9.375613321670249e-01 -1.240603934291163e+00 -6.564442196256375e-01
-1.730000000000000e+00 4.095812041979161e-01 9.357865785162088e-01 -1.235266807838071e+00 -6.626895603182702e-01
-1.720000000000000e+00 4.039992760119545e-01 9.344850427815857e-01 -1.229404563621573e+00 -6.677926265751460e-01
-1.710000000000000e+00 3.993342722973847e-01 9.338406725596421e-01 -1.223220847329537e+00 -6.716551016791504e-01
-1.700000000000000e+00 3.954414785087201e-01 9.340059961956658e-01 -1.216928605353324e+00 -6.742242037636859e-01
-1.690000000000000e+00 3.921608245444210e-01 9.351011015327305e-01 -1.210737189239532e+00 -6.754889985097021e-01
-1.680000000000000e+00 3.893258443244335e-01 9.372166553922595e-01 -1.204843195403201e+00 -6.754727239151813e-01
-1.670000000000000e+00 3.867694138482946e-01 9.404194207414948e-01 -1.199425977517081e+00 -6.742235959651552e-01
-1.660000000000000e+00 3.843258425380686e-01 9.447584349839109e-01 -1.194647395557210e+00 -6.718063991440226e-01
-1.650000000000000e+00 3.818297613698432e-01 9.502702744554605e-01 -1.190654472456579e+00 -6.682963334132644e-01
-1.640000000000000e+00 3.791127381410668e-01 9.569824083254419e-01 -1.187583424563866e+00 -6.637755928637566e-01
-1.630000000000000e+00 3.759986060730460e-01 9.649142159479838e-01 -1.185563856765566e+00 -6.583324360086473e-01
-1.620000000000000e+00 3.722982787672924e-01 9.740755640464753e-01 -1.184722413260556e+00 -6.520622514413416e-01
-1.610000000000000e+00 3.678046014590164e-01 9.844628495366061e-01 -1.185185529549863e+00 -6.450702263344702e-01
-1.600000000000000e+00 3.622877851104989e-01 9.960522165733067e-01 -1.187080989707372e+00 -6.374754449145370e-01
-1.590000000000000e+00 3.554923107406289e-01 1.008789471530898e+00 -1.190537786923161e+00 -6.294163339141680e-01
-1.580000000000000e+00 3.471368627182896e-01 1.022576327757876e+00 -1.195683475815672e+00 -6.210571641601070e-01
-1.570000000000000e+00 3.369196576709310e-01 1.037253310287293e+00 -1.202638033297385e+00 -6.125947549466983e-01
-1.560000000000000e+00 3.245320437983383e-01 1.052581150971600e+00 -1.211503488767117e+00 -6.042637030583881e-01
-1.550000000000000e+00 3.096827713586248e-01 1.068224715328624e+00 -1.222349474649650e+00 -5.963376650517836e-01
-1.540000000000000e+00 2.921331626854627e-01 1.083745740058742e+00 -1.235196408388088e+00 -5.891239595121749e-01
-1.530000000000000e+00 2.717393343699732e-01 1.098611528325322e+00 -1.249999873122300e+00 -5.829495873406185e-01
-1.520000000000000e+00 2.484926671523294e-01 1.112224586454028e+00 -1.266641082227113e+00 -5.781389714032431e-01
-1.510000000000000e+00 2.225463777607848e-01 1.123972272416808e+00 -1.284928065465394e+00 -5.749868679468854e-01
-1.500000000000000e+00 1.942172716986045e-01 1.133287455530589e+00 -1.304609813208726e+00 -5.737327339854099e-01
-1.490000000000000e+00 1.639587107002987e-01 1.139704940600838e+00 -1.325401558522010e+00 -5.745437263990938e-01
-1.480000000000000e+00 1.323110879585960e-01 1.142898180524893e+00 -1.347015320364514e+00 -5.775114986042331e-01
-1.470000000000000e+00 9.984441238586543e-02 1.142687737551747e+00 -1.369187791775266e+00 -5.826635823375810e-01
-1.460000000000000e+00 6.710928101980300e-02 1.139023710322510e+00 -1.391698793465552e+00 -5.899853383795644e-01
-1.450000000000000e+00 3.460686200584574e-02 1.131953088075451e+00 -1.414377333307082e+00 -5.994455429079107e-01
-1.440000000000000e+00 2.779280542537274e-03 1.121585383206027e+00 -1.437096861146616e+00 -6.110189882455068e-01
-1.430000000000000e+00 -2.798556544193426e-02 1.108065872629678e+00 -1.459764280308675e+00 -6.247025628144445e-01
-1.420000000000000e+00 -5.734290063190071e-02 1.091559108727537e+00 -1.482307423868337e+00 -6.405251548431607e-01
-1.410000000000000e+00 -8.497937448886803e-02 1.072240452391729e+00 -1.504663547094264e+00 -6.585542555884857e-01
-1.400000000000000e+00 -1.106025421113971e-01 1.050292191436486e+00 -1.526768581507064e+00 -6.789024629016837e-01
-1.390000000000000e+00 -1.339306672376375e-01 1.025902364395040e+00 -1.548544803101594e+00 -7.017358462122875e-01
-1.380000000000000e+00 -1.546814797981335e-01 9.992667178300305e-01 -1.569883443979323e+00 -7.272843665199777e-01
-1.370000000000000e+00 -1.725596404802160e-01 9.705960371786506e-01 -1.590618203949858e+00 -7.558525901571294e-01
-1.360000000000000e+00 -1.872449039406675e-01 9.401319538834086e-01 -1.610485434940009e+00 -7.878263687034093e-01
-1.350000000000000e+00 -1.983860872687370e-01 9.081737179398893e-01 -1.629067603958211e+00 -8.236674102376020e-01
-1.340000000000000e+00 -2.056092830634110e-01 8.751153500094767e-01 -1.645719988196169e+00 -8.638826741557531e-01
-1.330000000000000e+00 -2.085503985601774e-01 8.414862096260408e-01 -1.659488657766264e+00 -9.089504886353434e-01
-1.320000000000000e+00 -2.069187233285389e-01 8.079791810066536e-01 -1.669042828503317e+00 -9.591839775409995e-01
-1.310000000000000e+00 -2.005866982156052e-01 7.754438154017159e-01 -1.672665943305176e+00 -1.014522412154184e+00
-1.300000000000000e+00 -1.896826108136350e-01 7.448247785503548e-01 -1.668368236161939e+00 -1.074272616762021e+00
-1.290000000000000e+00 -1.746471862617644e-01 7.170446770449869e-01 -1.654176119451967e+00 -1.136879165299604e+00
-1.280000000000000e+00 -1.562168445106821e-01 6.928593497017043e-01 -1.628590581605415e+00 -1.199861635553077e+00
-1.270000000000000e+00 -1.353229384333968e-01 6.727347806302403e-01 -1.591085449441828e+00 -1.260057963228250e+00
-1.260000000000000e+00 -1.129356961556045e-01 6.567912794441616e-01 -1.542409051627109e+00 -1.314189335628870e+00
-1.250000000000000e+00 -8.990836963627255e-02 6.448335147015157e-01 -1.484486533908091e+00 -1.359546714924086e+00
-1.240000000000000e+00 -6.687270266201083e-02 6.364503069109292e-01 -1.419934778604952e+00 -1.394471761398745e+00
-1.230000000000000e+00 -4.420668841418224e-02 6.311431944019594e-01 -1.351439200723412e+00 -1.418422758668514e+00
-1.220000000000000e+00 -2.206312307300979e-02 6.284393964887746e-01 -1.281288098872780e+00 -1.431686594352788e+00
-1.210000000000000e+00 -4.306917494820635e-04 6.279624987882841e-01 -1.211199395947352e+00 -1.434971119981960e+00
-1.200000000000000e+00 2.080042725178700e-02 6.294586078172655e-01 -1.142382266924737e+00 -1.429082291312889e+00
-1.190000000000000e+00 4.178679992674671e-02 6.327918262780841e-01 -1.075695087862088e+00 -1.414757903696387e+00
-1.180000000000000e+00 6.270065435127781e-02 6.379270744881066e-01 -1.011790589382271e+00 -1.392624029081142e+00
-1.170000000000000e+00 8.371729828020454e-02 6.449150657346406e-01 -9.512074761912706e-01 -1.363205805567585e+00
-1.160000000000000e+00 1.050137351822009e-01 6.538884492389493e-01 -8.944199896686390e-01 -1.326941481452124e+00
-1.150000000000000e+00 1.267695347763353e-01 6.650726865454347e-01 -8.418756592836106e-01 -1.284183013688984e+00
-1.140000000000000e+00 1.491613487177189e-01 6.788117532150072e-01 -7.940444880978830e-01 -1.235193166982922e+00
-1.130000000000000e+00 1.723426107081968e-01 6.956074164554550e-01 -7.514859523965099e-01 -1.180159607101930e+00
-1.120000000000000e+00 1.963977446273772e-01 7.161700424124053e-01 -7.149251277995232e-01 -1.119245159631989e+00
-1.110000000000000e+00 2.212541995396753e-01 7.414750778658810e-01 -6.853185789124258e-01 -1.052687842672386e+00
-1.100000000000000e+00 2.465267773417164e-01 7.728059752293179e-01 -6.638800948608757e-01 -9.809577193761289e-01
-1.090000000000000e+00 2.712655466274367e-01 8.117310905863846e-01 -6.520212324053896e-01 -9.049645276354679e-01
-1.080000000000000e+00 2.936094181328913e-01 8.599021875649485e-01 -6.511475252361194e-01 -8.262760285035163e-01
-1.070000000000000e+00 3.104697681027984e-01 9.185090265457119e-01 -6.622680039178855e-01 -7.472402597851051e-01
-1.060000000000000e+00 3.176098582015097e-01 9.873281220883410e-01 -6.854761615753537e-01 -6.708326781384483e-01
-1.050000000000000e+00 3.106081548249553e-01 1.063782693330208e+00 -7.195523206730111e-01 -6.000855012239320e-01
-1.040000000000000e+00 2.866054699063892e-01 1.143008041161863e+00 -7.620487993030718e-01 -5.372369957876425e-01
-1.030000000000000e+00 2.455748405750107e-01 1.219430472404032e+00 -8.099708566412762e-01 -4.831102275219984e-01
-1.020000000000000e+00 1.899004574025972e-01 1.288736252724898e+00 -8.606670944625322e-01 -4.371674651140184e-01
-1.010000000000000e+00 1.227893304542203e-01 1.348659973302185e+00 -9.123805771959789e-01 -3.981148447957762e-01
-1.000000000000000e+00 4.697612804614499e-02 1.398450975363421e+00 -9.642735239480742e-01 -3.645665707386752e-01
-9.900000000000002e-01 -3.563681535619052e-02 1.437945090556815e+00 -1.016125886246920e+00 -3.354408789673130e-01
-9.800000000000000e-01 -1.237042388740694e-01 1.466956445207360e+00 -1.067978696856497e+00 -3.100568484026921e-01
-9.700000000000002e-01 -2.160288341381197e-01 1.485133628805747e+00 -1.119879051493536e+00 -2.880391147917870e-01
-9.600000000000000e-01 -3.113232521864328e-01 1.492104494103197e+00 -1.171770962434761e+00 -2.691526609874604e-01
-9.500000000000002e-01 -4.082107733361908e-01 1.487668052616259e+00 -1.223507444674244e+00 -2.531608537695434e-01
-9.399999999999999e-01 -5.053752608876538e-01 1.471867513607625e+00 -1.274927165480084e+00 -2.397541039087596e-01
-9.300000000000002e-01 -6.017187037690709e-01 1.444897894447404e+00 -1.325938013288559e+00 -2.285529946918191e-01
-9.199999999999999e-01 -6.964121426867868e-01 1.406897270502739e+00 -1.376568141208027e+00 -2.191619372140234e-01
-9.100000000000001e-01 -7.887895179598329e-01 1.357715621641815e+00 -1.426969237060099e+00 -2.112388894002625e-01
-8.999999999999999e-01 -8.780941340297663e-01 1.296751138809409e+00 -1.477378332646455e+00 -2.045502696791807e-01
-8.900000000000001e-01 -9.631153504167428e-01 1.222912649270738e+00 -1.528057801890491e+00 -1.989932976961619e-01
-8.799999999999999e-01 -1.041739014427314e+00 1.134746908276291e+00 -1.579235711522300e+00 -1.945837707729090e-01
-8.700000000000001e-01 -1.110398760464344e+00 1.030812497591248e+00 -1.631062466367191e+00 -1.914186761328122e-01
-8.599999999999999e-01 -1.163440546366670e+00 9.105566920812542e-01 -1.683590338119195e+00 -1.896268087327167e-01
-8.500000000000001e-01 -1.192803375287848e+00 7.762774415265614e-01 -1.736775259162868e+00 -1.893182488356161e-01
-8.399999999999999e-01 -1.189864867027036e+00 6.364888795426837e-01 -1.790497889469978e+00 -1.905389332697311e-01
-8.300000000000001e-01 -1.152368828712324e+00 5.071139556103628e-01 -1.844602762079448e+00 -1.932343459501819e-01
-8.199999999999998e-01 -1.090818038704167e+00 4.027212719797073e-01 -1.898955414396632e+00 -1.972296726722992e-01
-8.100000000000001e-01 -1.021084254497721e+00 3.259273779279120e-01 -1.953512351649907e+00 -2.022389725294549e-01
-7.999999999999998e-01 -9.534137985218600e-01 2.707194208734068e-01 -2.008388146547912e+00 -2.079151874759972e-01
-7.900000000000000e-01 -8.914980679271525e-01 2.301737829255735e-01 -2.063893494247919e+00 -2.139432906634987e-01
-7.799999999999998e-01 -8.357064968008664e-01 1.993174575220915e-01 -2.120512917089013e+00 -2.201608801762203e-01
-7.700000000000000e-01 -7.852934352475675e-01 1.750998317912335e-01 -2.178799776776614e+00 -2.266641300316166e-01
-7.599999999999998e-01 -7.393837334698609e-01 1.557779572967823e-01 -2.239200539350810e+00 -2.338343919225774e-01
-7.500000000000000e-01 -6.973359582160430e-01 1.403497784629060e-01 -2.301874444464290e+00 -2.422307656332897e-01
-7.400000000000002e-01 -6.587955815965537e-01 1.281298105564828e-01 -2.366612476441886e+00 -2.523558264108040e-01
-7.300000000000000e-01 -6.235864021069257e-01 1.184897738511790e-01 -2.432936042444748e+00 -2.643893349366239e-01
-7.200000000000002e-01 -5.915511106804150e-01 1.107655306546281e-01 -2.500366284260249e+00 -2.780326345260303e-01
-7.100000000000000e-01 -5.624284255855244e-01 1.042908036759369e-01 -2.568752438133847e+00 -2.925675058571875e-01
-7.000000000000002e-01 -5.358106544842844e-01 9.849055984053524e-02 -2.638502335194534e+00 -3.071247019018956e-01
-6.899999999999999e-01 -5.111811186525137e-01 9.296951276847641e-02 -2.710603396924785e+00 -3.210457428244907e-01
-6.800000000000002e-01 -4.880016598246280e-01 8.755287971584881e-02 -2.786432331019985e+00 -3.341774265050392e-01
-6.699999999999999e-01 -4.658079139721921e-01 8.226578426511660e-02 -2.867454363823883e+00 -3.469910227398842e-01
-6.600000000000001e-01 -4.442749143737336e-01 7.726644008948808e-02 -2.954940815553948e+00 -3.605250344362575e-01
-6.499999999999999e-01 -4.232363683497437e-01 7.276507439833459e-02 -3.049780266463343e+00 -3.762302056521326e-01
-6.400000000000001e-01 -4.026657199462692e-01 6.895753783000072e-02 -3.152377179576789e+00 -3.958000890054371e-01
-6.299999999999999e-01 -3.826401713325484e-01 6.598491683881223e-02 -3.262585055427911e+00 -4.210137471261372e-01
-6.200000000000001e-01 -3.633048882674877e-01 6.391317466022595e-02 -3.379637880923999e+00 -4.535487036028560e-01
-6.099999999999999e-01 -3.448420643006957e-01 6.272112328586346e-02 -3.502111562188022e+00 -4.946919234717797e-01
-6.000000000000001e-01 -3.274397926462730e-01 6.228968314282379e-02 -3.628031683261885e+00 -5.449095760949982e-01
-5.899999999999999e-01 -3.112524651719249e-01 6.239324650713528e-02 -3.755308290921136e+00 -6.033411384540202e-01
-5.800000000000001e-01 -2.963457841137050e-01 6.270285806690461e-02 -3.882661296675318e+00 -6.674724963468058e-01
-5.699999999999998e-01 -2.826275442039758e-01 6.282281596717079e-02 -4.010978073192598e+00 -7.334779652105143e-01
-5.600000000000001e-01 -2.697885881555699e-01 6.239026551734467e-02 -4.144521305058692e+00 -7.977714666936488e-01
-5.499999999999998e-01 -2.573164411553244e-01 6.124349606598320e-02 -4.290822773417405e+00 -8.597493560136451e-01
-5.400000000000000e-01 -2.446547232723841e-01 5.958178519574952e-02 -4.458220459927266e+00 -9.244525161624827e-01
-5.299999999999998e-01 -2.314867594500400e-01 5.795656974414713e-02 -4.651394574811023e+00 -1.002903709057881e+00
-5.200000000000000e-01 -2.179539369625815e-01 5.700882361315918e-02 -4.867167263277531e+00 -1.108578171736939e+00
-5.099999999999998e-01 -2.046057211740099e-01 5.710133462894421e-02 -5.093709113499293e+00 -1.250691893422563e+00
-5.000000000000000e-01 -1.921036627410538e-01 5.810539475527869e-02 -5.315405894135288e+00 -1.427480127169046e+00
-4.900000000000002e-01 -1.808858130872271e-01 5.945802377673398e-02 -5.522594889580646e+00 -1.624531256025906e+00
-4.800000000000000e-01 -1.709621718761915e-01 6.043148848324162e-02 -5.720337643798453e+00 -1.822154872715900e+00
-4.700000000000002e-01 -1.619172561663691e-01 6.046259255902253e-02 -5.928622034254508e+00 -2.008131616238685e+00
-4.600000000000000e-01 -1.531161278814400e-01 5.934912998856911e-02 -6.174060843656182e+00 -2.185166974153390e+00
-4.500000000000002e-01 -1.439708565391258e-01 5.723185141459174e-02 -6.481734140955401e+00 -2.369163862252694e+00
-4.399999999999999e-01 -1.340918982989270e-01 5.445001305174590e-02 -6.873063294678947e+00 -2.585036632191807e+00
-4.300000000000002e-01 -1.232996075516204e-01 5.140312713988345e-02 -7.367663826877033e+00 -2.866602798496211e+00
-4.199999999999999e-01 -1.115802536393701e-01 4.847455736540943e-02 -7.984292042364208e+00 -3.261986964781245e+00
-4.100000000000001e-01 -9.905015396640741e-02 4.599848159731713e-02 -8.736479964767963e+00 -3.843800806835974e+00
-3.999999999999999e-01 -8.593586988641766e-02 4.423157416391452e-02 -9.617483267505820e+00 -4.722180347196626e+00
-3.900000000000001e-01 -7.254200920643436e-02 4.331027924306446e-02 -1.056693532714381e+01 -6.054370168460993e+00
-3.799999999999999e-01 -5.917797133078959e-02 4.321148753186736e-02 -1.141227409896136e+01 -8.034127121590483e+00
-3.700000000000001e-01 -4.605614377864599e-02 4.374870339567700e-02 -1.179106412400110e+01 -1.082700392815607e+01
-3.599999999999999e-01 -3.322053109125023e-02 4.460743033594494e-02 -1.110335254652997e+01 -1.440353135241828e+01
-3.500000000000001e-01 -2.057062749804532e-02 4.540873626274396e-02 -8.629613197691565e+00 -1.825418679420904e+01
-3.399999999999999e-01 -7.962560416948306e-03 4.586481798120030e-02 -4.015104008364435e+00 -2.114590067487076e+01
-3.300000000000001e-01 4.877658650632315e-03 4.607395429645197e-02 1.942639131808078e+00 -2.144413870425684e+01
-3.199999999999998e-01 1.875465143307222e-02 4.645151321458742e-02 7.155409382912513e+00 -1.849188252955634e+01
-3.100000000000001e-01 3.450870359383599e-02 4.719004189734793e-02 9.791747277792570e+00 -1.379038331734336e+01
-2.999999999999998e-01 5.216387471962656e-02 4.934626181938852e-02 9.826124082860305e+00 -9.554510402637641e+00
-2.900000000000000e-01 7.081828172200663e-02 5.529275716932374e-02 8.497170807744665e+00 -6.833129550303204e+00
-2.799999999999998e-01 8.720765361082218e-02 6.676828559703554e-02 6.968323633820095e+00 -5.516132396760195e+00
-2.700000000000000e-01 9.632177012926234e-02 8.083041710531616e-02 5.843686696660722e+00 -5.090042328524840e+00
-2.599999999999998e-01 9.860391822229907e-02 9.020726442469688e-02 5.283477017923256e+00 -5.026350160022279e+00
-2.500000000000000e-01 1.004072338310632e-01 9.229246315728484e-02 5.171443227985300e+00 -4.937178045240962e+00
-2.400000000000002e-01 1.055822294920827e-01 8.980859886890349e-02 5.279618372606094e+00 -4.650135142755407e+00
-2.300000000000000e-01 1.145283714425748e-01 8.539626980481006e-02 5.408096548169793e+00 -4.161291354372040e+00
-2.200000000000002e-01 1.268112001404963e-01 8.031971525513185e-02 5.437537928805181e+00 -3.543243259393867e+00
-2.100000000000000e-01 1.421717361580232e-01 7.514018378429199e-02 5.321450498305516e+00 -2.885923906962717e+00
-2.000000000000002e-01 1.606126859379725e-01 7.023411611183485e-02 5.064868292874223e+00 -2.267176916347308e+00
-1.899999999999999e-01 1.823306591845418e-01 6.602637904813974e-02 4.702444098655211e+00 -1.738685117489259e+00
-1.800000000000002e-01 2.076123351401976e-01 6.314221871868533e-02 4.279072224801714e+00 -1.324613701244404e+00
-1.699999999999999e-01 2.365998412606232e-01 6.255073436103424e-02 3.838063336473834e+00 -1.028374395420810e+00
-1.600000000000001e-01 2.688402405884589e-01 6.551181217636579e-02 3.417027499955866e+00 -8.389303543199504e-01
-1.499999999999999e-01 3.029322273146345e-01 7.292664295752808e-02 3.044746770322408e+00 -7.326550905182320e-01
-1.400000000000001e-01 3.368318802116504e-01 8.429456155378591e-02 2.736962550687186e+00 -6.778660866989834e-01
-1.299999999999999e-01 3.691063686735285e-01 9.700415817300335e-02 2.495470427186774e+00 -6.415314410211582e-01
-1.200000000000001e-01 4.011856339739190e-01 1.066789784397938e-01 2.307351898395175e+00 -5.921587305038261e-01
-1.099999999999999e-01 4.390910148157377e-01 1.097117747100061e-01 2.142491138737449e+00 -5.079988596550329e-01
-1.000000000000001e-01 4.915622171552549e-01 1.066982335133871e-01 1.964863060373516e+00 -3.948936398255119e-01
-8.999999999999986e-02 5.672267575585754e-01 1.026998031571132e-01 1.758059711102469e+00 -2.832972595606374e-01
-8.000000000000007e-02 6.764427056919421e-01 1.048599078090285e-01 1.532060933617684e+00 -1.975156920951349e-01
-6.999999999999984e-02 8.394673730573449e-01 1.245291062860338e-01 1.304826725630722e+00 -1.417485021562613e-01
-6.000000000000005e-02 1.110930381925151e+00 2.046352719223651e-01 1.087735479104039e+00 -1.092464612546811e-01
-4.999999999999982e-02 1.462502354784865e+00 6.558927009903975e-01 8.844980736136007e-01 -9.158998303115602e-02
-4.000000000000004e-02 1.294387241055875e+00 1.214738876234313e+00 6.941907537608314e-01 -8.194385354647717e-02
-2.999999999999980e-02 9.896903884907201e-01 1.536112210517837e+00 5.136904128791960e-01 -7.605473601469472e-02
-2.000000000000002e-02 6.638631054648129e-01 1.728384931251126e+00 3.395446530710586e-01 -7.210683533408160e-02
-9.999999999999787e-03 3.327538450383790e-01 1.833386959725420e+00 1.689884448641374e-01 -6.968954057719884e-02
0.000000000000000e+00 3.486066009587964e-05 1.866985238201700e+00 1.871241754503576e-05 -6.886277366042248e-02
9.999999999999787e-03 -3.326842123877672e-01 1.833400212524734e+00 -1.689509271590449e-01 -6.968969824051538e-02
1.999999999999957e-02 -6.637939087900552e-01 1.728413205216792e+00 -3.395068454555327e-01 -7.210714585128240e-02
3.000000000000025e-02 -9.896228744192881e-01 1.536160261715288e+00 -5.136520831720082e-01 -7.605517451797904e-02
4.000000000000004e-02 -1.294327451191032e+00 1.214819084947990e+00 -6.941516218898299e-01 -8.194432873948934e-02
4.999999999999982e-02 -1.462505557196488e+00 6.560312513836266e-01 -8.844578572288420e-01 -9.159025881036077e-02
5.999999999999961e-02 -1.110995095695168e+00 2.046720060820518e-01 -1.087694017746443e+00 -1.092461284823737e-01
7.000000000000028e-02 -8.395024878380087e-01 1.245408934856734e-01 -1.304784107867012e+00 -1.417470675437947e-01
8.000000000000007e-02 -6.764647089874466e-01 1.048662013953829e-01 -1.532017627834472e+00 -1.975127054080272e-01
8.999999999999986e-02 -5.672417250776519e-01 1.027041619110598e-01 -1.758016685541868e+00 -2.832926640412549e-01
9.999999999999964e-02 -4.915728866645584e-01 1.067019361948587e-01 -1.964821301808636e+00 -3.948885511799247e-01
1.100000000000003e-01 -4.390989998870424e-01 1.097154909786679e-01 -2.142450215717436e+00 -5.079956068989843e-01
1.200000000000001e-01 -4.011921539308784e-01 1.066829218454429e-01 -2.307309341464701e+00 -5.921588133467218e-01
1.299999999999999e-01 -3.691122860525131e-01 9.700808404253719e-02 -2.495423294096031e+00 -6.415339553220468e-01
1.399999999999997e-01 -3.368375251348049e-01 8.429805533640140e-02 -2.736909029781050e+00 -6.778687218040187e-01
1.500000000000004e-01 -3.029375347272940e-01 7.292944855568481e-02 -3.044686291248857e+00 -7.326552422798240e-01
1.600000000000001e-01 -2.688450320276373e-01 6.551390856890510e-02 -3.416960564544371e+00 -8.389253535408917e-01
1.699999999999999e-01 -2.366039924367103e-01 6.255226405323287e-02 -3.837991524539750e+00 -1.028361967855819e+00
1.799999999999997e-01 -2.076158300917308e-01 6.314337545338607e-02 -4.278997799500998e+00 -1.324592502469859e+00
1.900000000000004e-01 -1.823335611144220e-01 6.602731357345966e-02 -4.702369662847306e+00 -1.738654574091471e+00
2.000000000000002e-01 -1.606150770948531e-01 7.023491908313001e-02 -5.064796901996399e+00 -2.267137342777576e+00
2.100000000000000e-01 -1.421736828331693e-01 7.514090743071415e-02 -5.321385480957408e+00 -2.885877308404733e+00
2.199999999999998e-01 -1.268127417707548e-01 8.032039646449796e-02 -5.437481762647219e+00 -3.543194173500770e+00
2.300000000000004e-01 -1.145295178521731e-01 8.539694941718327e-02 -5.408048908773303e+00 -4.161246869030243e+00
2.400000000000002e-01 -1.055829598911413e-01 8.980935439947105e-02 -5.279573659805348e+00 -4.650103750653474e+00
2.500000000000000e-01 -1.004075295893611e-01 9.229347802347171e-02 -5.171387615303822e+00 -4.937166538036036e+00
2.599999999999998e-01 -9.860395072783326e-02 9.020886421390227e-02 -5.283387678774047e+00 -5.026355895572376e+00
2.699999999999996e-01 -9.632215954695282e-02 8.083270986186665e-02 -5.843539770999710e+00 -5.090042666734456e+00
2.800000000000002e-01 -8.720888827745668e-02 6.677062939933993e-02 -6.968109760249175e+00 -5.516083712141850e+00
2.900000000000000e-01 -7.081998903538506e-02 5.529451476941337e-02 -8.496908817683684e+00 -6.832976797800815e+00
2.999999999999998e-01 -5.216554815545031e-02 4.934743891973458e-02 -9.825878655021484e+00 -9.554198845126463e+00
3.099999999999996e-01 -3.451015365826531e-02 4.719088760953812e-02 -9.791640487285855e+00 -1.378990397774891e+01
3.200000000000003e-01 -1.875584745185799e-02 4.645221707104991e-02 -7.155557870368753e+00 -1.849134979939238e+01
3.300000000000001e-01 -4.878641335802971e-03 4.607457994654274e-02 -1.943025830554561e+00 -2.144375783506608e+01
3.399999999999999e-01 7.961702368114582e-03 4.586540059496372e-02 4.014640558470028e+00 -2.114578090292605e+01
3.499999999999996e-01 2.056984652070412e-02 4.540931135115022e-02 8.629231938863226e+00 -1.825427025244118e+01
3.600000000000003e-01 3.321981074973526e-02 4.460799536874144e-02 1.110311074302711e+01 -1.440370191674750e+01
3.700000000000001e-01 4.605547027184324e-02 4.374923392301602e-02 1.179094126662181e+01 -1.082717717239939e+01
3.799999999999999e-01 5.917733735282998e-02 4.321195875500661e-02 1.141222631152862e+01 -8.034266142522775e+00
3.899999999999997e-01 7.254142115410288e-02 4.331067428811682e-02 1.056692554982409e+01 -6.054468809746636e+00
4.000000000000004e-01 8.593534594468918e-02 4.423188770055737e-02 9.617488413644889e+00 -4.722245395009560e+00
4.100000000000001e-01 9.904971636329990e-02 4.599872091583945e-02 8.736488194243531e+00 -3.843841710526839e+00
4.199999999999999e-01 1.115799212320165e-01 4.847474014729526e-02 7.984298257989707e+00 -3.262011754954835e+00
4.299999999999997e-01 1.232993920721583e-01 5.140327784446101e-02 7.367666272369569e+00 -2.866617276978452e+00
4.400000000000004e-01 1.340918030364382e-01 5.445016049559753e-02 6.873061624347045e+00 -2.585044809695753e+00
4.500000000000002e-01 1.439708744488264e-01 5.723202732871717e-02 6.481728573380725e+00 -2.369168632847880e+00
4.600000000000000e-01 1.531162379206592e-01 5.934936580975865e-02 6.174051966234601e+00 -2.185170624124749e+00
4.699999999999998e-01 1.619174201946353e-01 6.046291158663709e-02 5.928610932691967e+00 -2.008136001587746e+00
4.800000000000004e-01 1.709623387027684e-01 6.043189358734919e-02 5.720326000390672e+00 -1.822161164310132e+00
4.900000000000002e-01 1.808859348390766e-01 5.945848777501569e-02 5.522584627318198e+00 -1.624539446804247e+00
5.000000000000000e-01 1.921037163634834e-01 5.810586437862642e-02 5.315398340506115e+00 -1.427488973125743e+00
5.099999999999998e-01 2.046057202775267e-01 5.710175090749587e-02 5.093704354970968e+00 -1.250699688766966e+00
5.199999999999996e-01 2.179539272640053e-01 5.700914829839514e-02 4.867164296299735e+00 -1.108583760017404e+00
5.300000000000002e-01 2.314867990327081e-01 5.795680341109146e-02 4.651392039053549e+00 -1.002906941210883e+00
5.400000000000000e-01 2.446548545076367e-01 5.958196647888397e-02 4.458217341290285e+00 -9.244540575445387e-01
5.499999999999998e-01 2.573166703470404e-01 6.124367975959589e-02 4.290818724716443e+00 -8.597501780838445e-01
5.599999999999996e-01 2.697888876453763e-01 6.239049326798262e-02 4.144516568423690e+00 -7.977723633132900e-01
5.700000000000003e-01 2.826278726677207e-01 6.282310019869053e-02 4.010973171216640e+00 -7.334793051788259e-01
5.800000000000001e-01 2.963461070859656e-01 6.270318543159954e-02 3.882656715590247e+00 -6.674742502582398e-01
5.899999999999999e-01 3.112527645551205e-01 6.239359097765822e-02 3.755304308314744e+00 -6.033430608059028e-01
5.999999999999996e-01 3.274400663931425e-01 6.229001774436101e-02 3.628028355125685e+00 -5.449113884894676e-01
6.100000000000003e-01 3.448423218880510e-01 6.272142662356012e-02 3.502108795677515e+00 -4.946934198337559e-01
6.200000000000001e-01 3.633051458420633e-01 6.391343330218516e-02 3.379635518258734e+00 -4.535497791722629e-01
6.299999999999999e-01 3.826404478890987e-01 6.598512558959381e-02 3.262582933211920e+00 -4.210143849653435e-01
6.399999999999997e-01 4.026660345112388e-01 6.895769927430977e-02 3.152375159655048e+00 -3.958003336285252e-01
6.500000000000004e-01 4.232367376266936e-01 7.276519830946702e-02 3.049778247747358e+00 -3.762301392853301e-01
6.600000000000001e-01 4.442753502379321e-01 7.726654260369085e-02 2.954938737485766e+00 -3.605247597936090e-01
6.699999999999999e-01 4.658084206262391e-01 8.226588609175627e-02 2.867452207903489e+00 -3.469906493695696e-01
6.799999999999997e-01 4.880022313750462e-01 8.755300251611864e-02 2.786430120856652e+00 -3.341770560804500e-01
6.900000000000004e-01 5.111817387286041e-01 9.296967368864589e-02 2.710601192888258e+00 -3.210454519031045e-01
7.000000000000002e-01 5.358112993596390e-01 9.849076570236293e-02 2.638500219685714e+00 -3.071245261349581e-01
7.100000000000000e-01 5.624290708141020e-01 1.042910474001402e-01 2.568750492170562e+00 -2.925674333450374e-01
7.199999999999998e-01 5.915517393314984e-01 1.107657922089325e-01 2.500364562661389e+00 -2.780326144342631e-01
7.300000000000004e-01 6.235870114430893e-01 1.184900264093752e-01 2.432934558358590e+00 -2.643893003130350e-01
7.400000000000002e-01 6.587961850231900e-01 1.281300303854481e-01 2.366611202752281e+00 -2.523557219002129e-01
7.500000000000000e-01 6.973365805360947e-01 1.403499550037225e-01 2.301873331208585e+00 -2.422305675564393e-01
7.599999999999998e-01 7.393844000366891e-01 1.557780986698667e-01 2.239199538135174e+00 -2.338341122760228e-01
7.699999999999996e-01 7.852941590510774e-01 1.750999619212864e-01 2.178798860346594e+00 -2.266638046680903e-01
7.800000000000002e-01 8.357072694729887e-01 1.993176049396357e-01 2.120512086173278e+00 -2.201605493074471e-01
7.900000000000000e-01 8.914988587777214e-01 2.301739654843415e-01 2.063892771548986e+00 -2.139429820794966e-01
7.999999999999998e-01 9.534145617756619e-01 2.707196310368796e-01 2.008387563930617e+00 -2.079149088823659e-01
8.099999999999996e-01 1.021084944448243e+00 3.259275700868490e-01 1.953511937769595e+00 -2.022387131523976e-01
8.200000000000003e-01 1.090818639065056e+00 4.027213548349994e-01 1.898955187148246e+00 -1.972294102732037e-01
8.300000000000001e-01 1.152369401594316e+00 5.071138147222344e-01 1.844602726587577e+00 -1.932340549225183e-01
8.399999999999999e-01 1.189865567224548e+00 6.364884652987264e-01 1.790498040114411e+00 -1.905385910419078e-01
8.499999999999996e-01 1.192804350605754e+00 7.762768305229076e-01 1.736775583574381e+00 -1.893178395843018e-01
8.600000000000003e-01 1.163441849251788e+00 9.105560144896579e-01 1.683590821521614e+00 -1.896263246438884e-01
8.700000000000001e-01 1.110400370551786e+00 1.030811855767094e+00 1.631063095441440e+00 -1.914181169348694e-01
8.799999999999999e-01 1.041740887194655e+00 1.134746358826668e+00 1.579236477563251e+00 -1.945831420832981e-01
8.899999999999997e-01 9.631174463189482e-01 1.222912213767404e+00 1.528058703117691e+00 -1.989926083708623e-01
9.000000000000004e-01 8.780964316547533e-01 1.296750819974910e+00 1.477379375317908e+00 -2.045495283202597e-01
9.100000000000001e-01 7.887920172362544e-01 1.357715419448044e+00 1.426970434927072e+00 -2.112381004890295e-01
9.199999999999999e-01 6.964148603580599e-01 1.406897196023627e+00 1.376569513077456e+00 -2.191610977646638e-01
9.299999999999997e-01 6.017216627530960e-01 1.444897978715540e+00 1.325939579077225e+00 -2.285520925719143e-01
9.400000000000004e-01 5.053784767783451e-01 1.471867808816812e+00 1.274928941957627e+00 -2.397531187024504e-01
9.500000000000002e-01 4.082142430652359e-01 1.487668625140285e+00 1.223509442641665e+00 -2.531597601388659e-01
9.600000000000000e-01 3.113269497492829e-01 1.492105412390953e+00 1.171773186921822e+00 -2.691514332208332e-01
9.699999999999998e-01 2.160327153589917e-01 1.485134952388408e+00 1.119881505536830e+00 -2.880377301625694e-01
9.800000000000004e-01 1.237082520640081e-01 1.466958221666723e+00 1.067981387707501e+00 -3.100552866135209e-01
9.900000000000002e-01 3.564090947501109e-02 1.437947363816655e+00 1.016128830873047e+00 -3.354391157785478e-01
1.000000000000000e+00 -4.697200813058476e-02 1.398453800900299e+00 9.642767492911100e-01 -3.645645662383220e-01
1.010000000000000e+00 -1.227852671141980e-01 1.348663426589804e+00 9.123841110706921e-01 -3.981125302442609e-01
1.020000000000000e+00 -1.898965943834774e-01 1.288740412603059e+00 8.606709456908366e-01 -4.371647353036663e-01
1.030000000000000e+00 -2.455714026455555e-01 1.219435368129637e+00 8.099749879001099e-01 -4.831069471999500e-01
1.040000000000000e+00 -2.866027297134278e-01 1.143013578896070e+00 7.620531040936073e-01 -5.372330275206979e-01
1.050000000000000e+00 -3.106063314799189e-01 1.063788620979369e+00 7.195566232524412e-01 -6.000807515233356e-01
1.060000000000000e+00 -3.176090076144777e-01 9.873340936667850e-01 6.854802515015579e-01 -6.708271381069726e-01
1.070000000000000e+00 -3.104697646102680e-01 9.185147349884724e-01 6.622716903309585e-01 -7.472340101632907e-01
1.080000000000000e+00 -2.936100380529727e-01 8.599074562395776e-01 6.511506775487957e-01 -8.262692060552742e-01
1.090000000000000e+00 -2.712665672171149e-01 8.117358730259465e-01 6.520237881165810e-01 -9.049572800165196e-01
1.100000000000000e+00 -2.465280280927382e-01 7.728103052806042e-01 6.638820422823690e-01 -9.809501741915038e-01
1.110000000000000e+00 -2.212555687142706e-01 7.414790218445293e-01 6.853199329566022e-01 -1.052680096631380e+00
1.120000000000000e+00 -1.963991665396964e-01 7.161736708764374e-01 7.149259105575707e-01 -1.119237281219490e+00
1.130000000000000e+00 -1.723440505796807e-01 6.956107920441366e-01 7.514861815300803e-01 -1.180151644967880e+00
1.140000000000000e+00 -1.491627909207045e-01 6.788149272334659e-01 7.940441717963798e-01 -1.235185159289165e+00
1.150000000000000e+00 -1.267709749942477e-01 6.650756993302520e-01 8.418747957128730e-01 -1.284174996256602e+00
1.160000000000000e+00 -1.050151755746510e-01 6.538913318279749e-01 8.944185691271512e-01 -1.326933493873086e+00
1.170000000000000e+00 -8.371874473550639e-02 6.449178417576142e-01 9.512054844930129e-01 -1.363197895131400e+00
1.180000000000000e+00 -6.270211516938121e-02 6.379297617685041e-01 1.011788011285295e+00 -1.392616253015781e+00
1.190000000000000e+00 -4.178828542113704e-02 6.327944378178817e-01 1.075691910043209e+00 -1.414750330877807e+00
1.200000000000000e+00 -2.080194974485878e-02 6.294611519285170e-01 1.142378481250267e+00 -1.429075004762357e+00
1.210000000000000e+00 4.291181421026960e-04 6.279649783174788e-01 1.211195005158741e+00 -1.434964220449396e+00
1.220000000000000e+00 2.206148347626164e-02 6.284418074024257e-01 1.281283127138723e+00 -1.431680202878416e+00
1.230000000000000e+00 4.420496947453049e-02 6.311455243933186e-01 1.351433709519879e+00 -1.418417013192518e+00
1.240000000000000e+00 6.687089611144734e-02 6.364525350302084e-01 1.419928883677560e+00 -1.394466801445038e+00
1.250000000000000e+00 8.990647658020473e-02 6.448356131437586e-01 1.484480413391750e+00 -1.359542651899455e+00
1.260000000000000e+00 1.129337308214600e-01 6.567932182250793e-01 1.542402933602666e+00 -1.314186215625936e+00
1.270000000000000e+00 1.353209295829772e-01 6.727365346766795e-01 1.591079574931436e+00 -1.260055739835804e+00
1.280000000000000e+00 1.562148328677977e-01 6.928609063138647e-01 1.628585154796346e+00 -1.199860171001197e+00
1.290000000000000e+00 1.746452176355804e-01 7.170460408559819e-01 1.654171268140953e+00 -1.136878263242930e+00
1.300000000000000e+00 1.896807268233834e-01 7.448259717635384e-01 1.668364000014650e+00 -1.074272070262101e+00
1.310000000000000e+00 2.005849281561720e-01 7.754448730013587e-01 1.672662289898147e+00 -1.014522043990393e+00
1.320000000000000e+00 2.069170802975497e-01 8.079801428543135e-01 1.669039683246814e+00 -9.591836599687271e-01
1.330000000000000e+00 2.085488807066143e-01 8.414871125942297e-01 1.659485932549133e+00 -9.089501437199299e-01
1.340000000000000e+00 2.056078784110444e-01 8.751162227924987e-01 1.645717600662349e+00 -8.638822631038934e-01
1.350000000000000e+00 1.983847795323946e-01 9.081745794479889e-01 1.629065486634398e+00 -8.236669199202864e-01
1.360000000000000e+00 1.872436772673292e-01 9.401328144879058e-01 1.610483537124140e+00 -7.878258001138349e-01
1.370000000000000e+00 1.725584822453688e-01 9.705969013824934e-01 1.590616489776690e+00 -7.558519503499663e-01
1.380000000000000e+00 1.546803815837389e-01 9.992675871195411e-01 1.569881889149549e+00 -7.272836637761492e-01
1.390000000000000e+00 1.339296245746529e-01 1.025903239572113e+00 1.548543391645573e+00 -7.017350875391339e-01
1.400000000000000e+00 1.106015535937592e-01 1.050293074225370e+00 1.526767303143471e+00 -6.789016529690828e-01
1.410000000000000e+00 8.497844068720942e-02 1.072241346408736e+00 1.504662395282993e+00 -6.585533964155815e-01
1.420000000000000e+00 5.734202302048277e-02 1.091560020012045e+00 1.482306394440971e+00 -6.405242457864806e-01
1.430000000000000e+00 2.798474537365296e-02 1.108066809924360e+00 1.459763370476311e+00 -6.247016005986229e-01
1.440000000000000e+00 -2.780042903189387e-03 1.121586358086995e+00 1.437096068658880e+00 -6.110179669268031e-01
1.450000000000000e+00 -3.460756893139351e-02 1.131954114881495e+00 1.414376655547138e+00 -5.994444538010784e-01
1.460000000000000e+00 -6.710993870932790e-02 1.139024805649800e+00 1.391698226341576e+00 -5.899841701219025e-01
1.470000000000000e+00 -9.984503250931957e-02 1.142688918978525e+00 1.369187328438243e+00 -5.826623213584550e-01
1.480000000000000e+00 -1.323116887471733e-01 1.142899464365643e+00 1.347014950004640e+00 -5.775101302241967e-01
1.490000000000000e+00 -1.639593169020561e-01 1.139706338906048e+00 1.325401265651687e+00 -5.745422365650753e-01
1.500000000000000e+00 -1.942179129162074e-01 1.133288973064089e+00 1.304609577807396e+00 -5.737311113432695e-01
1.510000000000000e+00 -2.225470852589544e-01 1.123973904623822e+00 1.284927864119374e+00 -5.749851057264255e-01
1.520000000000000e+00 -2.484934698937243e-01 1.112226319232980e+00 1.266640890051765e+00 -5.781370685794871e-01
1.530000000000000e+00 -2.717402554204605e-01 1.098613339780117e+00 1.249999665974910e+00 -5.829475487573343e-01
1.540000000000000e+00 -2.921342169896506e-01 1.083747603667877e+00 1.235196164800915e+00 -5.891217950024851e-01
1.550000000000000e+00 -3.096839653136646e-01 1.068226603521146e+00 1.222349177058345e+00 -5.963353878993582e-01
1.560000000000000e+00 -3.245333763874838e-01 1.052583038138628e+00 1.211503123889477e+00 -6.042613282805532e-01
1.570000000000000e+00 -3.369211224937204e-01 1.037255174667626e+00 1.202637591790227e+00 -6.125922978214325e-01
1.580000000000000e+00 -3.471384501957827e-01 1.022578152132657e+00 1.195682951496304e+00 -6.210546392348327e-01
1.590000000000000e+00 -3.554940099830501e-01 1.008791243007134e+00 1.190537175860403e+00 -6.294137545338746e-01
1.600000000000000e+00 -3.622895852236978e-01 9.960539258531332e-01 1.187080289408207e+00 -6.374728231686010e-01
1.610000000000000e+00 -3.678064922939592e-01 9.844644900150499e-01 1.185184738356928e+00 -6.450675732683930e-01
1.620000000000000e+00 -3.723002512332055e-01 9.740771309553603e-01 1.184721529983725e+00 -6.520595773923740e-01
1.630000000000000e+00 -3.760006521574744e-01 9.649157056450026e-01 1.185562880519281e+00 -6.583297509680900e-01
1.640000000000000e+00 -3.791148507510326e-01 9.569838177505030e-01 1.187582354768797e+00 -6.637729068134319e-01
1.650000000000000e+00 -3.818319340655804e-01 9.502716007442757e-01 1.190653308975166e+00 -6.682936566112798e-01
1.660000000000000e+00 -3.843280691984937e-01 9.447596752286863e-01 1.194646138949917e+00 -6.718037423393404e-01
1.670000000000000e+00 -3.867716882963748e-01 9.404205719029748e-01 1.199424629413033e+00 -6.742209705055484e-01
1.680000000000000e+00 -3.893281599510583e-01 9.372177143785644e-01 1.204841758963444e+00 -6.754701416918143e-01
1.690000000000000e+00 -3.921631739921140e-01 9.351020654545966e-01 1.210735669651904e+00 -6.754864716736046e-01
1.700000000000000e+00 -3.954438534946708e-01 9.340068627788147e-01 1.216927010248557e+00 -6.742217441743167e-01
1.710000000000000e+00 -3.993366636511821e-01 9.338414406495379e-01 1.223219186975842e+00 -6.716527201098110e-01
1.720000000000000e+00 -4.040016739674126e-01 9.344857128325520e-01 1.229402850768454e+00 -6.677903317878086e-01
1.730000000000000e+00 -4.095835989165670e-01 9.357871529381671e-01 1.235265057151119e+00 -6.626873581944058e-01
1.740000000000000e+00 -4.162010182332120e-01 9.375618154239717e-01 1.240602161430206e+00 -6.564421125597074e-01
1.750000000000000e+00 -4.239358768877185e-01 9.396000839586710e-01 1.245234194635176e+00 -6.491964272133551e-01
1.760000000000000e+00 -4.328254803198801e-01 9.416766696590355e-01 1.249017801187984e+00 -6.411276923908094e-01
1.770000000000000e+00 -4.428586604806646e-01 9.435633174558902e-01 1.251855123708800e+00 -6.324363152097019e-01
1.780000000000000e+00 -4.539767867558485e-01 9.450420823785058e-01 1.253697151119470e+00 -6.233310716742761e-01
1.790000000000000e+00 -4.660791893390412e-01 9.459170733545283e-01 1.254541508612554e+00 -6.140150683799157e-01
1.800000000000000e+00 -4.790317044862928e-01 9.460231472823001e-01 1.254425908079629e+00 -6.046744652068617e-01
1.810000000000000e+00 -4.926766617772731e-01 9.452309122261355e-01 1.253419140914776e+00 -5.954710852125035e-01
1.820000000000000e+00 -5.068427440521305e-01 9.434482519604994e-01 1.251611518131585e+00 -5.865389781606121e-01
1.830000000000000e+00 -5.213536164696805e-01 9.406191657336752e-01 1.249106216135929e+00 -5.779842320318591e-01
1.840000000000000e+00 -5.360348060689732e-01 9.367209300288708e-01 1.246012347123478e+00 -5.698869728108042e-01
1.850000000000000e+00 -5.507188098856670e-01 9.317604957305176e-01 1.242439988054097e+00 -5.623045024983362e-01
1.860000000000000e+00 -5.652487181692958e-01 9.257707797649376e-01 1.238497004312199e+00 -5.552747451480118e-01
1.870000000000000e+00 -5.794807653944897e-01 9.188072292352902e-01 1.234287307406626e+00 -5.488194480856892e-01
1.880000000000000e+00 -5.932862251446896e-01 9.109448022677136e-01 1.229910134251405e+00 -5.429468253459494e-01
1.890000000000000e+00 -6.065530062266198e-01 9.022753389369734e-01 1.225459957343385e+00 -5.376535016129865e-01
1.900000000000000e+00 -6.191872205866157e-01 8.929051732668565e-01 1.221026677974354e+00 -5.329257291023596e-01
1.910000000000000e+00 -6.311148848561630e-01 8.829527484264016e-01 1.216695795730636e+00 -5.287399345980849e-01
1.920000000000000e+00 -6.422837805537357e-01 8.725459439757494e-01 1.212548289456218e+00 -5.250627325224428e-01
1.930000000000000e+00 -6.526653353513646e-01 8.618188260316708e-01 1.208660003023081e+00 -5.218506198356954e-01
1.940000000000000e+00 -6.622562233247421e-01 8.509076114701464e-01 1.205100418034815e+00 -5.190496396804036e-01
1.950000000000000e+00 -6.710792596344576e-01 8.399458021079400e-01 1.201930817906678e+00 -5.165953420737790e-01
1.960000000000000e+00 -6.791831322648783e-01 8.290586708877503e-01 1.199201991541553e+00 -5.144133600682823e-01
1.970000000000000e+00 -6.866406007121458e-01 8.183575182206058e-01 1.196951765657329e+00 -5.124208450649612e-01
1.980000000000000e+00 -6.935449982346212e-01 8.079342982030957e-01 1.195202760899800e+00 -5.105288642476263e-01
1.990000000000000e+00 -7.000051660848526e-01 7.978572812800602e-01 1.193960803378471e+00 -5.086456709461905e-01
2.000000000000000e+00 -7.061392601397641e-01 7.881683320214000e-01 1.193214360003560e+00 -5.066805510538209e-01
2.010000000000000e+00 -7.120681141413957e-01 7.788821353133984e-01 1.192935194925014e+00 -5.045477853162036e-01
2.020000000000000e+00 -7.179089302221185e-01 7.699873545824850e-01 1.193080201096737e+00 -5.021702153096159e-01
2.030000000000000e+00 -7.237699522875872e-01 7.614493593895121e-01 1.193594125391931e+00 -4.994819936143623e-01
2.040000000000000e+00 -7.297465010898804e-01 7.532139355867095e-01 1.194412764242685e+00 -4.964303029142897e-01
2.050000000000000e+00 -7.359184222100066e-01 7.452113531634205e-01 1.195466200305291e+00 -4.929760587783537e-01
2.060000000000000e+00 -7.423487361695615e-01 7.373602920409876e-01 1.196681754373646e+00 -4.890937825791234e-01
2.070000000000000e+00 -7.490831450629751e-01 7.295713330990220e-01 1.197986477167727e+00 -4.847709065749250e-01
2.080000000000000e+00 -7.561500378685533e-01 7.217499269219914e-01 1.199309143431170e+00 -4.800067641300917e-01
2.090000000000000e+00 -7.635607053529495e-01 7.137989065297171e-01 1.200581804971287e+00 -4.748114594961378e-01
2.100000000000000e+00 -7.713095804480271e-01 7.056206998258313e-01 1.201741005745347e+00 -4.692047370700402e-01
2.110000000000000e+00 -7.793744304014772e-01 6.971194308551314e-01 1.202728770729877e+00 -4.632149007895790e-01
2.120000000000000e+00 -7.877165271703556e-01 6.882030897921407e-01 1.203493463905364e+00 -4.568777799898648e-01
2.130000000000000e+00 -7.962809056710567e-01 6.787859108345998e-01 1.203990579883895e+00 -4.502357014970394e-01
2.140000000000000e+00 -8.049968817038741e-01 6.687910318254610e-01 1.204183496282979e+00 -4.433364088815905e-01
2.150000000000000e+00 -8.137790381431421e-01 6.581534243860765e-01 1.204044175670120e+00 -4.362318673623511e-01
2.160000000000000e+00 -8.225288932230095e-01 6.468229839657801e-01 1.203553771187252e+00 -4.289769049229106e-01
2.170000000000000e+00 -8.311374309946131e-01 6.347675636089355e-01 1.202703062192451e+00 -4.216276646059099e-01
2.180000000000000e+00 -8.394885937542433e-01 6.219756368095245e-01 1.201492628415611e+00 -4.142398778245558e-01
2.190000000000000e+00 -8.474637055221786e-01 6.084582048933453e-01 1.199932667133069e+00 -4.068670121379072e-01
2.200000000000000e+00 -8.549466217718436e-01 5.942495522563787e-01 1.198042373466649e+00 -3.995583955928055e-01
2.210000000000000e+00 -8.618292115615749e-01 5.794065282388503e-01 1.195848844799997e+00 -3.923574643819556e-01
2.220000000000000e+00 -8.680166256627513e-01 5.640062100804925e-01 1.193385536412558e+00 -3.853003055168778e-01
2.230000000000000e+00 -8.734317494118805e-01 5.481420531260347e-01 1.190690374644485e+00 -3.784146543935444e-01
2.240000000000000e+00 -8.780183214597113e-01 5.319188969594024e-01 1.187803702088164e+00 -3.717194513640975e-01
2.250000000000000e+00 -8.817424081886046e-01 5.154473866760548e-01 1.184766260525679e+00 -3.652249735904238e-01
2.260000000000000e+00 -8.845921946039349e-01 4.988384281195639e-01 1.181617398814259e+00 -3.589334668290579e-01
2.270000000000000e+00 -8.865763012302630e-01 4.821982192021059e-01 1.178393632991195e+00 -3.528401364522690e-01
2.280000000000000e+00 -8.877209992968542e-01 4.656242311161797e-01 1.175127608464307e+00 -3.469343341803104e-01
2.290000000000000e+00 -8.880667538125390e-01 4.492023181290215e-01 1.171847444953006e+00 -3.412007938141924e-01
2.300000000000000e+00 -8.876644951943724e-01 4.330049657716207e-01 1.168576399749306e+00 -3.356208101037360e-01
2.310000000000000e+00 -8.865719413927606e-01 4.170905708342175e-01 1.165332767008922e+00 -3.301733019703903e-01
2.320000000000000e+00 -8.848501982191713e-01 4.015035847691051e-01 1.162129934477743e+00 -3.248357419541638e-01
2.330000000000000e+00 -8.825607787495245e-01 3.862753334611322e-01 1.158976535636457e+00 -3.195849622009997e-01
2.340000000000000e+00 -8.797631144183172e-01 3.714253355340819e-01 1.155876657056663e+00 -3.143978628983429e-01
2.350000000000000e+00 -8.765125835147589e-01 3.569629645404350e-01 1.152830082582988e+00 -3.092520536371896e-01
2.360000000000000e+00 -8.728590550902556e-01 3.428893269329422e-01 1.149832574684176e+00 -3.041264541804253e-01
2.370000000000000e+00 -8.688459330236232e-01 3.291992504687886e-01 1.146876207100942e+00 -2.990018708352839e-01
2.380000000000000e+00 -8.645096801461246e-01 3.158832926665120e-01 1.143949770460508e+00 -2.938615501778818e-01
2.390000000000000e+00 -8.598797995553822e-01 3.029296851683823e-01 1.141039272818093e+00 -2.886916955466957e-01
2.400000000000000e+00 -8.549792438215976e-01 2.903261293465575e-01 1.138128549602174e+00 -2.834819162948973e-01
2.410000000000000e+00 -8.498252087684781e-01 2.780613558574639e-01 1.135199982660747e+00 -2.782255685859676e-01
2.420000000000000e+00 -8.444302460017071e-01 2.661263624670114e-01 1.132235308086009e+00 -2.729199429235843e-01
2.430000000000000e+00 -8.388036004242060e-01 2.545152567065561e-01 1.129216471104653e+00 -2.675662601081154e-01
2.440000000000000e+00 -8.329526524814179e-01 2.432256567182904e-01 1.126126468743929e+00 -2.621694542632982e-01
2.450000000000000e+00 -8.268843286835471e-01 2.322586442694766e-01 1.122950112334190e+00 -2.567377463728917e-01
2.460000000000000e+00 -8.206063457061510e-01 2.216183121271430e-01 1.119674645383582e+00 -2.512820390882491e-01
2.470000000000000e+00 -8.141281761538141e-01 2.113109936107355e-01 1.116290167820221e+00 -2.458151869298733e-01
2.480000000000000e+00 -8.074616646534222e-01 2.013442946144647e-01 1.112789841448518e+00 -2.403512100280504e-01
2.490000000000000e+00 -8.006212727518404e-01 1.917260606719114e-01 1.109169878014743e+00 -2.349045217868467e-01
2.500000000000000e+00 -7.936239794116099e-01 1.824634025043170e-01 1.105429334837348e+00 -2.294892322866262e-01
2.510000000000000e+00 -7.864889015764148e-01 1.735618772931382e-01 1.101569759622236e+00 -2.241185733165871e-01
2.520000000000000e+00 -7.792367212036094e-01 1.650248872815195e-01 1.097594734424218e+00 -2.188044719583433e-01
2.530000000000000e+00 -7.718890107666939e-01 1.568533203155007e-01 1.093509369434333e+00 -2.135572813678848e-01
2.540000000000000e+00 -7.644675414260004e-01 1.490454249346228e-01 1.089319792305671e+00 -2.083856622802528e-01
2.550000000000000e+00 -7.569936415215643e-01 1.415968892665816e-01 1.085032670372019e+00 -2.032965978892891e-01
2.560000000000000e+00 -7.494876526174344e-01 1.345010792958123e-01 1.080654793426779e+00 -1.982955181798494e-01
2.570000000000000e+00 -7.419685100268988e-01 1.277493871185328e-01 1.076192735269089e+00 -1.933865068880579e-01
2.580000000000000e+00 -7.344534572492964e-01 1.213316414989638e-01 1.071652603960423e+00 -1.885725640740386e-01
2.590000000000000e+00 -7.269578903590688e-01 1.152365389739345e-01 1.067039884080131e+00 -1.838558987671310e-01
2.600000000000000e+00 -7.194953192774930e-01 1.094520616937732e-01 1.062359369155166e+00 -1.792382283653052e-01
2.610000000000000e+00 -7.120774274299008e-01 1.039658564674792e-01 1.057615178453533e+00 -1.747210638068400e-01
2.620000000000000e+00 -7.047142085807043e-01 9.876555711977997e-02 1.052810848898012e+00 -1.703059617517711e-01
2.630000000000000e+00 -6.974141586768543e-01 9.383903893291239e-02 1.047949489474246e+00 -1.659947273021286e-01
2.640000000000000e+00 -6.901845006162703e-01 8.917459976512647e-02 1.043033981976237e+00 -1.617895536559833e-01
2.650000000000000e+00 -6.830314206882839e-01 8.476106773172820e-02 1.038067208505986e+00 -1.576930891091002e-01
2.660000000000000e+00 -6.759602970711269e-01 8.058784033674270e-02 1.033052283516586e+00 -1.537084273301144e-01
2.670000000000000e+00 -6.689759034649041e-01 7.664486460236168e-02 1.027992767282154e+00 -1.498390236706462e-01
2.680000000000000e+00 -6.620825748650405e-01 7.292257168023045e-02 1.022892839285186e+00 -1.460885476513147e-01
2.690000000000000e+00 -6.552843275249970e-01 6.941178206968729e-02 1.017757414422521e+00 -1.424606884536470e-01
2.700000000000000e+00 -6.485849308250961e-01 6.610359839350521e-02 1.012592191723308e+00 -1.389589349274414e-01
2.710000000000000e+00 -6.419879342783329e-01 6.298930147291475e-02 1.007403633364587e+00 -1.355863533305212e-01
2.720000000000000e+00 -6.354966574301772e-01 6.006026241456570e-02 1.002198879727623e+00 -1.323453844675751e-01
2.730000000000000e+00 -6.291141533125993e-01 5.730787917888067e-02 9.969856126952884e-01 -1.292376775517509e-01
2.740000000000000e+00 -6.228431571321900e-01 5.472354145952410e-02 9.917718834219432e-01 -1.262639720071395e-01
2.750000000000000e+00 -6.166860311536407e-01 5.229862346225114e-02 9.865659221085169e-01 -1.234240318192469e-01
2.760000000000000e+00 -6.106447147383369e-01 5.002450090895834e-02 9.813759461752156e-01 -1.207166310605293e-01
2.770000000000000e+00 -6.047206858105706e-01 4.789258658397680e-02 9.762099803299923e-01 -1.181395846468360e-01
2.780000000000000e+00 -5.989149372254092e-01 4.589437796613590e-02 9.710756982232515e-01 -1.156898155537961e-01
2.790000000000000e+00 -5.932279690391523e-01 4.402151072394672e-02 9.659802914327882e-01 -1.133634485837785e-01
2.800000000000000e+00 -5.876597957883809e-01 4.226581276372270e-02 9.609303680125232e-01 -1.111559210044908e-01
2.810000000000000e+00 -5.822099666465346e-01 4.061935477757336e-02 9.559318800933603e-01 -1.090621015409013e-01
2.820000000000000e+00 -5.768775956987634e-01 3.907449456369484e-02 9.509900781506228e-01 -1.070764108545705e-01
2.830000000000000e+00 -5.716613994335528e-01 3.762391359447288e-02 9.461094884925887e-01 -1.051929384262638e-01
2.840000000000000e+00 -5.665597387443784e-01 3.626064528375506e-02 9.412939101263688e-01 -1.034055524151065e-01
2.850000000000000e+00 -5.615706631257421e-01 3.497809511843479e-02 9.365464272336342e-01 -1.017080004553039e-01
2.860000000000000e+00 -5.566919552215313e-01 3.377005328427647e-02 9.318694338597899e-01 -1.000940004132161e-01
2.870000000000000e+00 -5.519211743590998e-01 3.263070067120609e-02 9.272646679373789e-01 -9.855732086829488e-02
2.880000000000000e+00 -5.472556981301550e-01 3.155460923824419e-02 9.227332523182801e-01 -9.709185154086185e-02
2.890000000000000e+00 -5.426927614338312e-01 3.053673770079930e-02 9.182757410049450e-01 -9.569166412258467e-02
2.900000000000000e+00 -5.382294926695074e-01 2.957242341475398e-02 9.138921692024474e-01 -9.435106402979945e-02
2.910000000000000e+00 -5.338629469587154e-01 2.865737120654454e-02 9.095821061347434e-01 -9.306463355231587e-02
2.920000000000000e+00 -5.295901363951018e-01 2.778763976308441e-02 9.053447097712538e-01 -9.182726676551542e-02
2.930000000000000e+00 -5.254080573818242e-01 2.695962607040404e-02 9.011787827012904e-01 -9.063419646202563e-02
2.940000000000000e+00 -5.213137151330939e-01 2.617004828927881e-02 8.970828283971455e-01 -8.948101328333888e-02
2.950000000000000e+00 -5.173041454086975e-01 2.541592738678240e-02 8.930551070578436e-01 -8.836367721910678e-02
2.960000000000000e+00 -5.133764335342484e-01 2.469456780412840e-02 8.890936901665961e-01 -8.727852170027008e-02
2.970000000000000e+00 -5.095277307487139e-01 2.400353742658894e-02 8.851965128622979e-01 -8.622225062937428e-02
2.980000000000000e+00 -5.057552679218875e-01 2.334064712040736e-02 8.813614232424091e-01 -8.519192884086993e-02
2.990000000000000e+00 -5.020563666989194e-01 2.270393010406642e-02 8.775862277863451e-01 -8.418496663538452e-02
3.000000000000000e+00 -4.984284481534613e-01 2.209162141942087e-02 8.738687322058273e-01 -8.319909916007684e-02
3.010000000000000e+00 -4.948690390598125e-01 2.150213775844996e-02 8.702067771735377e-01 -8.223236149880542e-02
3.020000000000000e+00 -4.913757759225786e-01 2.093405788375115e-02 8.665982685360248e-01 -8.128306038907759e-02
3.030000000000000e+00 -4.879464069264423e-01 2.038610385757918e-02 8.630412017678138e-01 -8.034974350361833e-02
3.040000000000000e+00 -4.845787919874865e-01 1.985712326804762e-02 8.595336805647608e-01 -7.943116723197599e-02
3.050000000000000e+00 -4.812709011014676e-01 1.934607261435827e-02 8.560739296051103e-01 -7.852626388002258e-02
3.060000000000000e+00 -4.780208111949109e-01 1.885200198690163e-02 8.526603016295801e-01 -7.763410917759359e-02
3.070000000000000e+00 -4.748267016931052e-01 1.837404115302371e-02 8.492912791111187e-01 -7.675389094823291e-02
3.080000000000000e+00 -4.716868490263231e-01 1.791138713461155e-02 8.459654709043883e-01 -7.588487974814008e-02
3.090000000000000e+00 -4.685996203022454e-01 1.746329333833645e-02 8.426816043861343e-01 -7.502640221955180e-02
3.100000000000000e+00 -4.655634663784277e-01 1.702906027215385e-02 8.394385137187793e-01 -7.417781782116932e-02
3.110000000000000e+00 -4.625769145727160e-01 1.660802785137544e-02 8.362351249863141e-01 -7.333849948897675e-02
3.120000000000000e+00 -4.596385612500452e-01 1.619956926368868e-02 8.330704390548292e-01 -7.250781864064688e-02
3.130000000000000e+00 -4.567470645189016e-01 1.580308632511872e-02 8.299435130885894e-01 -7.168513476482472e-02
3.140000000000000e+00 -4.539011372575489e-01 1.541800621945780e-02 8.268534416926380e-01 -7.086978963734115e-02
3.150000000000000e+00 -4.510995406670879e-01 1.504377947471204e-02 8.237993386422374e-01 -7.006110599068906e-02
3.160000000000000e+00 -4.483410785147948e-01 1.467987899528674e-02 8.207803200895782e-01 -6.925839024806624e-02
3.170000000000000e+00 -4.456245921880231e-01 1.432579994206704e-02 8.177954900085355e-01 -6.846093874031288e-02
3.180000000000000e+00 -4.429489566289202e-01 1.398106023796985e-02 8.148439284572180e-01 -6.766804667482308e-02
3.190000000000000e+00 -4.403130771680477e-01 1.364520147625934e-02 8.119246830239688e-01 -6.687901903690452e-02
3.200000000000000e+00 -4.377158872256259e-01 1.331779002311611e-02 8.090367635989750e-01 -6.609318258402425e-02
3.210000000000000e+00 -4.351563468077275e-01 1.299841813250427e-02 8.061791404059135e-01 -6.530989813869545e-02
3.220000000000000e+00 -4.326334416944971e-01 1.268670492634625e-02 8.033507450565263e-01 -6.452857248318526e-02
3.230000000000000e+00 -4.301461831999182e-01 1.238229713157834e-02 8.005504742677593e-01 -6.374866928918850e-02
3.240000000000000e+00 -4.276936083770265e-01 1.208486950324268e-02 7.977771958087956e-01 -6.296971865717282e-02
3.250000000000000e+00 -4.252747805464758e-01 1.179412489586473e-02 7.950297562180031e-01 -6.219132497534413e-02
3.260000000000000e+00 -4.228887900369335e-01 1.150979397198118e-02 7.923069898365211e-01 -6.141317292505147e-02
3.270000000000000e+00 -4.205347550397441e-01 1.123163455632465e-02 7.896077287330336e-01 -6.063503155249051e-02
3.280000000000000e+00 -4.182118224950314e-01 1.095943065751786e-02 7.869308131312449e-01 -5.985675639611623e-02
3.290000000000000e+00 -4.159191689400918e-01 1.069299118758189e-02 7.842751019889836e-01 -5.907828970968039e-02
3.300000000000000e+00 -4.136560012627364e-01 1.043214841477547e-02 7.816394834107157e-01 -5.829965885875089e-02
3.310000000000000e+00 -4.114215573119521e-01 1.017675618879496e-02 7.790228846020342e-01 -5.752097300067335e-02
3.320000000000000e+00 -4.092151063264953e-01 9.926687980356003e-03 7.764242810978040e-01 -5.674241818972355e-02
3.330000000000000e+00 -4.070359491495154e-01 9.681834780300673e-03 7.738427050185764e-01 -5.596425108394275e-02
3.340000000000000e+00 -4.048834182050109e-01 9.442102906743851e-03 7.712772521379471e-01 -5.518679146841510e-02
3.350000000000000e+00 -4.027568772206184e-01 9.207411771990363e-03 7.687270875812067e-01 -5.441041384923446e-02
3.360000000000000e+00 -4.006557206913027e-01 8.977691663247880e-03 7.661914500259341e-01 -5.363553840843756e-02
3.370000000000000e+00 -3.985793730899497e-01 8.752881591566935e-03 7.636696543385360e-01 -5.286262163649534e-02
3.380000000000000e+00 -3.965272878430453e-01 8.532927261063984e-03 7.611610926544191e-01 -5.209214696915544e-02
3.390000000000000e+00 -3.944989461015207e-01 8.317779204749055e-03 7.586652339876674e-01 -5.132461574448707e-02
3.400000000000000e+00 -3.924938553471509e-01 8.107391124132340e-03 7.561816225306175e-01 -5.056053876170570e-02
3.410000000000000e+00 -3.905115478823200e-01 7.901718457795651e-03 7.537098748659979e-01 -4.980042866733204e-02
3.420000000000000e+00 -3.885515792545484e-01 7.700717190401922e-03 7.512496763567115e-01 -4.904479332176414e-02
3.430000000000000e+00 -3.866135266664910e-01 7.504342899641156e-03 7.488007769961507e-01 -4.829413021851169e-02
3.440000000000000e+00 -3.846969874173567e-01 7.312550025880511e-03 7.463629869941864e-01 -4.754892194841489e-02
3.450000000000000e+00 -3.828015774136854e-01 7.125291339058855e-03 7.439361723432714e-01 -4.680963263074123e-02
3.460000000000000e+00 -3.809269297772455e-01 6.942517570452743e-03 7.415202505610384e-01 -4.607670517862995e-02
3.470000000000000e+00 -3.790726935668164e-01 6.764177173627134e-03 7.391151867472502e-01 -4.535055923157413e-02
3.480000000000000e+00 -3.772385326199385e-01 6.590216178979110e-03 7.367209900312517e-01 -4.463158957323243e-02
3.490000000000000e+00 -3.754241245113300e-01 6.420578109248786e-03 7.343377104274489e-01 -4.392016485722556e-02
3.500000000000000e+00 -3.736291596171489e-01 6.255203928477488e-03 7.319654360654546e-01 -4.321662648350919e-02
3.510000000000000e+00 -3.718533402690167e-01 6.094032003361895e-03 7.296042907217418e-01 -4.252128749947685e-02
3.520000000000000e+00 -3.700963799786853e-01 5.936998063052881e-03 7.272544315524457e-01 -4.183443143904392e-02
3.530000000000000e+00 -3.683580027133978e-01 5.784035150556777e-03 7.249160469128758e-01 -4.115631105577639e-02
3.540000000000000e+00 -3.666379422030587e-01 5.635073565510964e-03 7.225893541481706e-01 -4.048714694923729e-02
3.550000000000000e+00 -3.649359412630340e-01 5.490040803831710e-03 7.202745972502499e-01 -3.982712612414609e-02
3.560000000000000e+00 -3.632517511204011e-01 5.348861504273812e-03 7.179720442975723e-01 -3.917640055707844e-02
3.570000000000000e+00 -3.615851307363949e-01 5.211457415077813e-03 7.156819846245108e-01 -3.853508587298831e-02
3.580000000000000e+00 -3.599358461232823e-01 5.077747395464638e-03 7.134047257040400e-01 -3.790326025188083e-02
3.590000000000000e+00 -3.583036696594759e-01 4.947647466705899e-03 7.111405897684020e-01 -3.728096369305403e-02
3.600000000000000e+00 -3.566883794120330e-01 4.821070925883713e-03 7.088899102343678e-01 -3.666819775966342e-02
3.610000000000000e+00 -3.550897584802335e-01 4.697928532407504e-03 7.066530280392371e-01 -3.606492591005016e-02
3.620000000000000e+00 -3.535075943774327e-01 4.578128773155793e-03 7.044302880276410e-01 -3.547107449547442e-02
3.630000000000000e+00 -3.519416784704519e-01 4.461578207152177e-03 7.022220355545298e-01 -3.488653446886077e-02
3.640000000000000e+00 -3.503918054963756e-01 4.348181885446756e-03 7.000286134847260e-01 -3.431116380906812e-02
3.650000000000000e+00 -3.488577731756739e-01 4.237843836864335e-03 6.978503597730300e-01 -3.374479062380423e-02
3.660000000000000e+00 -3.473393819383753e-01 4.130467605973557e-03 6.956876058020702e-01 -3.318721685544797e-02
3.670000000000000e+00 -3.458364347768841e-01 4.025956826399765e-03 6.935406756396124e-01 -3.263822248113141e-02
3.680000000000000e+00 -3.443487372354150e-01 3.924215810679402e-03 6.914098863561576e-01 -3.209757007398354e-02
3.690000000000000e+00 -3.428760975424746e-01 3.825150137298826e-03 6.892955495210136e-01 -3.156500957780922e-02
3.700000000000000e+00 -3.414183268897387e-01 3.728667216288396e-03 6.871979739746429e-01 -3.104028314284844e-02
3.710000000000000e+00 -3.399752398586077e-01 3.634676816551677e-03 6.851174699608147e-01 -3.052312987482004e-02
3.720000000000000e+00 -3.385466549949017e-01 3.543091540717517e-03 6.830543546976500e-01 -3.001329036157199e-02
3.730000000000000e+00 -3.371323955329623e-01 3.453827236394251e-03 6.810089594750459e-01 -2.951051085924449e-02
3.740000000000000e+00 -3.357322902730412e-01 3.366803336046187e-03 6.789816383907380e-01 -2.901454704124623e-02
3.750000000000000e+00 -3.343461746207042e-01 3.281943121028690e-03 6.769727788829341e-01 -2.852516723635925e-02
3.760000000000000e+00 -3.329738918041149e-01 3.199173908097723e-03 6.749828142862424e-01 -2.804215510247740e-02
3.770000000000000e+00 -3.316152942947459e-01 3.118427159458492e-03 6.730122387335354e-01 -2.756531170395448e-02
3.780000000000000e+00 -3.302702454707488e-01 3.039638520915913e-03 6.710616248646563e-01 -2.709445699003975e-02
3.790000000000000e+00 -3.289386215842849e-01 2.962747797457030e-03 6.691316450256422e-01 -2.662943071402508e-02
3.800000000000000e+00 -3.276203141299824e-01 2.887698875701330e-03 6.672230970040115e-01 -2.617009283402933e-02
3.810000000000000e+00 -3.263152327406548e-01 2.814439582074800e-03 6.653369356653075e-01 -2.571632325060408e-02
3.820000000000000e+00 -3.250233087823149e-01 2.742921487588346e-03 6.634743123584645e-01 -2.526802092704597e-02
3.830000000000000e+00 -3.237444999361029e-01 2.673099681285652e-03 6.616366251357996e-01 -2.482510253304374e-02
3.840000000000000e+00 -3.224787962230388e-01 2.604932480738295e-03 6.598255845726542e-01 -2.438750024143067e-02
3.850000000000000e+00 -3.212262281931357e-01 2.538380949261125e-03 6.580433027366995e-01 -2.395515732423937e-02
3.860000000000000e+00 -3.199868784985321e-01 2.473407744666933e-03 6.562924179771561e-01 -2.352801677249552e-02
3.870000000000000e+00 -3.187608987000789e-01 2.409973503117750e-03 6.545762747821358e-01 -2.310598513801921e-02
3.880000000000000e+00 -3.175485315928328e-01 2.348024648115238e-03 6.528991633422868e-01 -2.268881129630157e-02
3.890000000000000e+00 -3.163501093135961e-01 2.287456949194402e-03 6.512663299938585e-01 -2.227572735048471e-02
3.900000000000000e+00 -3.151659363726928e-01 2.228112782785388e-03 6.496828627581095e-01 -2.186542013557052e-02
3.910000000000000e+00 -3.139965689692781e-01 2.170222953345601e-03 6.481565044873807e-01 -2.146034015792354e-02
3.920000000000000e+00 -3.128431656427837e-01 2.113947557128924e-03 6.467011722310059e-01 -2.106222742783411e-02
3.930000000000000e+00 -3.117073613998581e-01 2.059184558358822e-03 6.453358919745735e-01 -2.067018643205966e-02
3.940000000000000e+00 -3.105914659820657e-01 2.005873607828014e-03 6.440870194581585e-01 -2.028363825092367e-02
3.950000000000000e+00 -3.094991831449302e-01 1.953988830030425e-03 6.429958039521408e-01 -1.990217452366698e-02
3.960000000000000e+00 -3.084368488042306e-01 1.903452624436042e-03 6.421315635936693e-01 -1.952453939925716e-02
3.970000000000000e+00 -3.074164885053626e-01 1.854215321255657e-03 6.416241580954871e-01 -1.914907059783930e-02
3.980000000000000e+00 -3.064656670666966e-01 1.806470058949547e-03 6.417681889573940e-01 -1.877476722605122e-02
3.990000000000000e+00 -3.056742308490670e-01 1.761092423615937e-03 6.435158528253413e-01 -1.840036635850834e-02
4.000000000000000e+00 -3.008969304980325e-01 1.670394509865048e-03 6.027820143007742e-01 -1.802471691445399e-02
